freq	mag(K)
1.00000000000000000E6	8.73710417323857770E-4
1.10000000000000010E6	9.61568149774673310E-4
1.20000000000000000E6	1.04951490147961210E-3
1.30000000000000000E6	1.13755080581659510E-3
1.39999999999999990E6	1.22567599643305860E-3
1.50000000000000000E6	1.31389060724663740E-3
1.60000000000000010E6	1.40219477244584280E-3
1.70000000000000000E6	1.49058862649075310E-3
1.80000000000000000E6	1.57907230411369830E-3
1.89999999999999990E6	1.66764594031994800E-3
2.00000000000000000E6	1.75630967038840510E-3
2.10000000000000010E6	1.84506362987230150E-3
2.20000000000000020E6	1.93390795459988760E-3
2.29999999999999980E6	2.02284278067513500E-3
2.39999999999999990E6	2.11186824447843510E-3
2.50000000000000000E6	2.20098448266730080E-3
2.60000000000000010E6	2.29019163217706810E-3
2.70000000000000020E6	2.37948983022160920E-3
2.79999999999999980E6	2.46887921429403570E-3
2.89999999999999990E6	2.55835992216740760E-3
3.00000000000000000E6	2.64793209189545340E-3
3.10000000000000010E6	2.73759586181327560E-3
3.20000000000000020E6	2.82735137053807820E-3
3.29999999999999980E6	2.91719875696987470E-3
3.39999999999999990E6	3.00713816029222160E-3
3.50000000000000000E6	3.09716971997292980E-3
3.60000000000000010E6	3.18729357576480330E-3
3.70000000000000020E6	3.27750986770635680E-3
3.79999999999999980E6	3.36781873612255110E-3
3.89999999999999990E6	3.45822032162552650E-3
4.00000000000000000E6	3.54871476511533460E-3
4.09999999999999960E6	3.63930220778067690E-3
4.20000000000000020E6	3.72998279109964950E-3
4.29999999999999980E6	3.82075665684047380E-3
4.40000000000000040E6	3.91162394706224510E-3
4.50000000000000000E6	4.00258480411568750E-3
4.59999999999999960E6	4.09363937064389120E-3
4.70000000000000020E6	4.18478778958306740E-3
4.79999999999999980E6	4.27603020416330360E-3
4.90000000000000040E6	4.36736675790931270E-3
5.00000000000000000E6	4.45879759464119820E-3
5.09999999999999960E6	4.55032285847521670E-3
5.20000000000000020E6	4.64194269382452430E-3
5.29999999999999980E6	4.73365724539995900E-3
5.40000000000000040E6	4.82546665821080540E-3
5.50000000000000000E6	4.91737107756555150E-3
5.59999999999999960E6	5.00937064907267350E-3
5.70000000000000020E6	5.10146551864140730E-3
5.79999999999999980E6	5.19365583248252350E-3
5.90000000000000040E6	5.28594173710910910E-3
6.00000000000000000E6	5.37832337933734370E-3
6.09999999999999960E6	5.47080090628728930E-3
6.20000000000000020E6	5.56337446538367790E-3
6.29999999999999980E6	5.65604420435668940E-3
6.40000000000000040E6	5.74881027124275870E-3
6.50000000000000000E6	5.84167281438536270E-3
6.59999999999999960E6	5.93463198243580510E-3
6.70000000000000020E6	6.02768792435404070E-3
6.79999999999999980E6	6.12084078940944390E-3
6.90000000000000040E6	6.21409072718164700E-3
7.00000000000000000E6	6.30743788756132420E-3
7.09999999999999960E6	6.40088242075099870E-3
7.20000000000000020E6	6.49442447726587440E-3
7.29999999999999980E6	6.58806420793462430E-3
7.40000000000000040E6	6.68180176390023030E-3
7.50000000000000000E6	6.77563729662078360E-3
7.59999999999999960E6	6.86957095787031680E-3
7.70000000000000020E6	6.96360289973961690E-3
7.79999999999999980E6	7.05773327463708180E-3
7.90000000000000040E6	7.15196223528949910E-3
8.00000000000000000E6	7.24628993474293100E-3
8.09999999999999960E6	7.34071652636351150E-3
8.19999999999999930E6	7.43524216383829370E-3
8.30000000000000070E6	7.52986700117610040E-3
8.40000000000000040E6	7.62459119270836180E-3
8.50000000000000000E6	7.71941489308993760E-3
8.59999999999999960E6	7.81433825730000730E-3
8.69999999999999930E6	7.90936144064288630E-3
8.80000000000000070E6	8.00448459874887950E-3
8.90000000000000040E6	8.09970788757516400E-3
9.00000000000000000E6	8.19503146340662520E-3
9.09999999999999960E6	8.29045548285671610E-3
9.19999999999999930E6	8.38598010286834140E-3
9.30000000000000070E6	8.48160548071470540E-3
9.40000000000000040E6	8.57733177400016440E-3
9.50000000000000000E6	8.67315914066116460E-3
9.59999999999999960E6	8.76908773896703590E-3
9.69999999999999930E6	8.86511772752092320E-3
9.80000000000000070E6	8.96124926526064950E-3
9.90000000000000040E6	9.05748251145959670E-3
1.00000000000000000E7	9.15381762572759070E-3
1.01000000000000000E7	9.25525465782133060E-3
1.02000000000000000E7	9.35700992497928220E-3
1.03000000000000000E7	9.45907652450111950E-3
1.04000000000000000E7	9.56148538234058340E-3
1.05000000000000000E7	9.66420372621354320E-3
1.06000000000000010E7	9.76727006895286640E-3
1.06999999999999980E7	9.87068407235101830E-3
1.08000000000000010E7	9.97444446400332830E-3
1.09000000000000010E7	1.00785461318790430E-2
1.10000000000000010E7	1.01830085460909300E-2
1.10999999999999990E7	1.02878131322759110E-2
1.11999999999999990E7	1.03929867633763710E-2
1.13000000000000010E7	1.04985521116294020E-2
1.14000000000000010E7	1.06044986215829500E-2
1.14999999999999990E7	1.07108001613374570E-2
1.15999999999999990E7	1.08174862071498290E-2
1.16999999999999990E7	1.09245630500754820E-2
1.18000000000000020E7	1.10318416818286340E-2
1.18999999999999990E7	1.11396940325775850E-2
1.20000000000000000E7	1.12479589955225620E-2
1.21000000000000000E7	1.13566341126647720E-2
1.22000000000000000E7	1.14656859720168790E-2
1.23000000000000000E7	1.15751647903389900E-2
1.24000000000000000E7	1.16850929822084780E-2
1.25000000000000000E7	1.17954752276405480E-2
1.26000000000000000E7	1.19065105550479600E-2
1.27000000000000000E7	1.20177190482283240E-2
1.28000000000000000E7	1.21293836936457540E-2
1.29000000000000000E7	1.22414990012366380E-2
1.30000000000000000E7	1.23540617037345140E-2
1.31000000000000010E7	1.24671041160528780E-2
1.31999999999999980E7	1.25805932452039190E-2
1.33000000000000010E7	1.26946222727014150E-2
1.34000000000000010E7	1.28091441276642070E-2
1.35000000000000010E7	1.29241679132856020E-2
1.35999999999999990E7	1.30397221441257870E-2
1.36999999999999990E7	1.31557032528990230E-2
1.38000000000000010E7	1.32722259589953960E-2
1.39000000000000010E7	1.33892841941124830E-2
1.39999999999999990E7	1.35068725711528390E-2
1.40999999999999990E7	1.36247266378564720E-2
1.41999999999999990E7	1.37433197940332130E-2
1.43000000000000020E7	1.38624921638533040E-2
1.43999999999999990E7	1.39822092404762400E-2
1.45000000000000000E7	1.41025454080296830E-2
1.46000000000000000E7	1.42234152004715120E-2
1.47000000000000000E7	1.43447848733182480E-2
1.48000000000000000E7	1.44667766799318540E-2
1.49000000000000000E7	1.45893996771647940E-2
1.50000000000000000E7	1.47126347740271110E-2
1.51000000000000000E7	1.48364280072042880E-2
1.52000000000000000E7	1.49606239939816700E-2
1.53000000000000000E7	1.50854966829802170E-2
1.54000000000000000E7	1.52110064396746130E-2
1.55000000000000000E7	1.53370898191129680E-2
1.56000000000000010E7	1.54637975602041510E-2
1.56999999999999980E7	1.55917352247163250E-2
1.58000000000000010E7	1.57197103742026000E-2
1.59000000000000010E7	1.58484437457708020E-2
1.60000000000000010E7	1.59777887654647070E-2
1.61000000000000010E7	1.61079131029330070E-2
1.61999999999999990E7	1.62387292605607600E-2
1.63000000000000010E7	1.63702033999880010E-2
1.63999999999999990E7	1.65024858985047770E-2
1.64999999999999990E7	1.66354668375083150E-2
1.66000000000000010E7	1.67691194699186630E-2
1.66999999999999990E7	1.69034218661568650E-2
1.68000000000000020E7	1.70386267161565370E-2
1.68999999999999990E7	1.71745375273834980E-2
1.70000000000000000E7	1.73112966970271010E-2
1.71000000000000020E7	1.74489683369120390E-2
1.72000000000000000E7	1.75866412835227610E-2
1.73000000000000000E7	1.77258242704162480E-2
1.73999999999999980E7	1.78658995368458530E-2
1.75000000000000000E7	1.80067721651220800E-2
1.76000000000000020E7	1.81485159132603010E-2
1.77000000000000000E7	1.82910401596356120E-2
1.78000000000000000E7	1.84344232545770900E-2
1.78999999999999980E7	1.85787365033389800E-2
1.80000000000000000E7	1.87236568172973250E-2
1.81000000000000010E7	1.88693900557739490E-2
1.81999999999999980E7	1.90159846372798680E-2
1.83000000000000010E7	1.91646722008197750E-2
1.83999999999999990E7	1.93130562603886060E-2
1.85000000000000010E7	1.94624840113043240E-2
1.86000000000000010E7	1.96127581557785540E-2
1.86999999999999990E7	1.97639992725782850E-2
1.88000000000000010E7	1.99154903485454190E-2
1.88999999999999990E7	2.00686420325548550E-2
1.89999999999999990E7	2.02228108690076610E-2
1.91000000000000010E7	2.03780088977428250E-2
1.91999999999999990E7	2.05341453150257760E-2
1.93000000000000020E7	2.06925952765115320E-2
1.93999999999999990E7	2.08507885421151860E-2
1.95000000000000000E7	2.10101621031963680E-2
1.96000000000000020E7	2.11706310400463370E-2
1.97000000000000000E7	2.13321081101392630E-2
1.98000000000000000E7	2.14947539928048710E-2
1.98999999999999980E7	2.16588266235035490E-2
2.00000000000000000E7	2.18241193379168990E-2
2.01000000000000020E7	2.19905508897482260E-2
2.02000000000000000E7	2.21581270970876030E-2
2.03000000000000020E7	2.23257197382651910E-2
2.04000000000000000E7	2.24955991772589310E-2
2.04999999999999980E7	2.26667107129796590E-2
2.06000000000000010E7	2.28392275154117150E-2
2.06999999999999980E7	2.30128986473367770E-2
2.08000000000000010E7	2.31877462291719110E-2
2.08999999999999990E7	2.33639024292484090E-2
2.10000000000000010E7	2.35415588546175010E-2
2.11000000000000030E7	2.37202986790483990E-2
2.12000000000000010E7	2.39005225019317090E-2
2.12999999999999990E7	2.40820539431608040E-2
2.13999999999999970E7	2.42651380919839180E-2
2.14999999999999990E7	2.44493165864480310E-2
2.16000000000000010E7	2.46351920705013510E-2
2.16999999999999990E7	2.48223070603928610E-2
2.18000000000000020E7	2.50105533267481350E-2
2.18999999999999990E7	2.52028349057062910E-2
2.20000000000000020E7	2.53939037041752200E-2
2.21000000000000000E7	2.55868455247404380E-2
2.21999999999999980E7	2.57809732320684760E-2
2.23000000000000000E7	2.59767840349737970E-2
2.23999999999999980E7	2.61742452671255330E-2
2.25000000000000000E7	2.63734958875513300E-2
2.26000000000000020E7	2.65741774956521140E-2
2.27000000000000000E7	2.67770391248009790E-2
2.28000000000000020E7	2.69815823205625450E-2
2.29000000000000000E7	2.71879906793464700E-2
2.29999999999999980E7	2.73964096012060580E-2
2.31000000000000010E7	2.76062551879388000E-2
2.31999999999999980E7	2.78181038914304410E-2
2.33000000000000010E7	2.80315228827115080E-2
2.33999999999999990E7	2.82472360154026840E-2
2.35000000000000010E7	2.84655135669362110E-2
2.36000000000000030E7	2.86853467138576910E-2
2.37000000000000010E7	2.89069820374383780E-2
2.37999999999999990E7	2.91307288740025250E-2
2.38999999999999970E7	2.93564478731799690E-2
2.39999999999999990E7	2.95846967331527780E-2
2.41000000000000010E7	2.98147903468459270E-2
2.41999999999999990E7	3.00465741317014070E-2
2.43000000000000020E7	3.02812989800045560E-2
2.43999999999999990E7	3.05180858379269800E-2
2.45000000000000020E7	3.07567391225741640E-2
2.46000000000000000E7	3.09973890817222310E-2
2.46999999999999980E7	3.12405002293829570E-2
2.48000000000000000E7	3.14860372232537160E-2
2.48999999999999980E7	3.17336205076979860E-2
2.50000000000000000E7	3.19835370019076580E-2
2.51000000000000020E7	3.22365298505029240E-2
2.52000000000000000E7	3.24920211355026910E-2
2.53000000000000020E7	3.27497631885539600E-2
2.54000000000000000E7	3.30101611499215600E-2
2.54999999999999980E7	3.32729593717775440E-2
2.56000000000000010E7	3.35384133679553290E-2
2.56999999999999980E7	3.38066552851570900E-2
2.58000000000000010E7	3.40774557427992250E-2
2.58999999999999990E7	3.43516490759235540E-2
2.60000000000000010E7	3.46283345989941170E-2
2.61000000000000030E7	3.49082090312678560E-2
2.62000000000000010E7	3.51905269123018890E-2
2.62999999999999990E7	3.54763833047614520E-2
2.63999999999999970E7	3.57658062042956270E-2
2.64999999999999990E7	3.60578323502595490E-2
2.66000000000000010E7	3.63531960591771330E-2
2.66999999999999990E7	3.66522565178687200E-2
2.68000000000000020E7	3.69545517482551930E-2
2.68999999999999990E7	3.72596196852667560E-2
2.70000000000000020E7	3.75692171317922030E-2
2.71000000000000000E7	3.78816150447116140E-2
2.71999999999999980E7	3.81982375544851570E-2
2.73000000000000000E7	3.85180351377670370E-2
2.73999999999999980E7	3.88421982936851060E-2
2.75000000000000000E7	3.91704968498272970E-2
2.76000000000000020E7	3.95032850899051890E-2
2.77000000000000000E7	3.98388095878507630E-2
2.78000000000000020E7	4.01786349140974330E-2
2.79000000000000000E7	4.05235146915181590E-2
2.79999999999999980E7	4.08727690828980080E-2
2.81000000000000010E7	4.12253088910398890E-2
2.81999999999999980E7	4.15829527790504280E-2
2.83000000000000010E7	4.19441494558357420E-2
2.83999999999999990E7	4.23109954388115740E-2
2.85000000000000010E7	4.26822057546347540E-2
2.86000000000000030E7	4.30587627678243300E-2
2.87000000000000010E7	4.34404544366829540E-2
2.87999999999999990E7	4.38269968142450760E-2
2.88999999999999970E7	4.42182577175558400E-2
2.89999999999999990E7	4.46145949693644270E-2
2.91000000000000010E7	4.50162153805875940E-2
2.91999999999999990E7	4.54228031088386700E-2
2.93000000000000020E7	4.58337133755983570E-2
2.93999999999999990E7	4.62493167815299340E-2
2.95000000000000020E7	4.66711650780468630E-2
2.96000000000000000E7	4.70995378099538800E-2
2.96999999999999980E7	4.75339986483224490E-2
2.98000000000000000E7	4.79729805284792390E-2
2.98999999999999980E7	4.84189015820674040E-2
3.00000000000000000E7	4.88726833503683710E-2
3.01000000000000020E7	4.93310069348828510E-2
3.02000000000000000E7	4.97985105713528590E-2
3.03000000000000020E7	5.02756950826783640E-2
3.04000000000000000E7	5.07573507329863730E-2
3.04999999999999980E7	5.12465050968606390E-2
3.06000000000000010E7	5.17434591907522010E-2
3.06999999999999980E7	5.22488065838459280E-2
3.08000000000000010E7	5.27616936840616810E-2
3.08999999999999990E7	5.32822282618763050E-2
3.10000000000000010E7	5.38106370906619610E-2
3.11000000000000030E7	5.43480631241896890E-2
3.12000000000000010E7	5.48952582922513880E-2
3.12999999999999990E7	5.54491672809142600E-2
3.13999999999999970E7	5.60129696253529290E-2
3.14999999999999990E7	5.65853565575822780E-2
3.16000000000000010E7	5.71688111711745070E-2
3.16999999999999990E7	5.77608197035825730E-2
3.18000000000000020E7	5.83620524708515640E-2
3.18999999999999990E7	5.89755921394648300E-2
3.20000000000000020E7	5.96000837708972500E-2
3.21000000000000000E7	6.02378500190497590E-2
3.22000000000000020E7	6.08861423740183390E-2
3.22999999999999950E7	6.15452494617372640E-2
3.23999999999999980E7	6.22176682675825800E-2
3.25000000000000000E7	6.29020137783469830E-2
3.26000000000000020E7	6.35989467563882020E-2
3.27000000000000050E7	6.43073130946077500E-2
3.27999999999999980E7	6.50327235639264070E-2
3.29000000000000000E7	6.57720438699437790E-2
3.29999999999999980E7	6.65164075952004550E-2
3.31000000000000010E7	6.72778270336818630E-2
3.32000000000000030E7	6.80517344602974280E-2
3.32999999999999960E7	6.88448261914451190E-2
3.33999999999999990E7	6.96497728004632060E-2
3.35000000000000010E7	7.04730142065497490E-2
3.36000000000000030E7	7.13136154803966700E-2
3.37000000000000010E7	7.21689171359787810E-2
3.37999999999999990E7	7.30419250076143630E-2
3.38999999999999970E7	7.39379799749085900E-2
3.39999999999999990E7	7.48597554885095470E-2
3.41000000000000010E7	7.57975908659478930E-2
3.42000000000000040E7	7.67523337073320460E-2
3.42999999999999970E7	7.77355414440482660E-2
3.43999999999999990E7	7.87381706826213000E-2
3.45000000000000020E7	7.97664806951800460E-2
3.46000000000000000E7	8.08177449648273520E-2
3.47000000000000020E7	8.18895967155889790E-2
3.47999999999999950E7	8.29918382894949860E-2
3.48999999999999980E7	8.41212154837335290E-2
3.50000000000000000E7	8.52761647248049930E-2
3.51000000000000020E7	8.64601454625947240E-2
3.52000000000000050E7	8.76763573460643290E-2
3.52999999999999980E7	8.89222928073909640E-2
3.54000000000000000E7	9.02005555968796280E-2
3.54999999999999980E7	9.15082710244373490E-2
3.56000000000000010E7	9.28553290959943030E-2
3.57000000000000030E7	9.42350038929659210E-2
3.57999999999999960E7	9.56418600433333310E-2
3.58999999999999990E7	9.70949484233563710E-2
3.60000000000000010E7	9.85876146097780470E-2
3.61000000000000030E7	1.00120025386432010E-1
3.62000000000000010E7	1.01691689121502820E-1
3.62999999999999990E7	1.03303892745941430E-1
3.63999999999999970E7	1.04974299276709670E-1
3.64999999999999990E7	1.06694238379500890E-1
3.66000000000000010E7	1.08470727841843530E-1
3.67000000000000040E7	1.10280043484894530E-1
3.67999999999999970E7	1.12184375966129360E-1
3.68999999999999990E7	1.14139977808388540E-1
3.70000000000000020E7	1.16161466244810010E-1
3.71000000000000000E7	1.18230480778506800E-1
3.72000000000000020E7	1.20394688777547130E-1
3.72999999999999950E7	1.22625444147974050E-1
3.73999999999999980E7	1.24929339986803560E-1
3.75000000000000000E7	1.27317062333942000E-1
3.76000000000000020E7	1.29786269953633050E-1
3.77000000000000050E7	1.32344694994796090E-1
3.77999999999999980E7	1.34986880413115000E-1
3.79000000000000000E7	1.37731369625769930E-1
3.79999999999999980E7	1.40573887097486170E-1
3.81000000000000010E7	1.43546342129541200E-1
3.82000000000000030E7	1.46620955268907930E-1
3.82999999999999960E7	1.49833126752958460E-1
3.83999999999999990E7	1.53196492987990050E-1
3.85000000000000010E7	1.56679910039365340E-1
3.86000000000000030E7	1.60366388286388410E-1
3.87000000000000010E7	1.64230240510590160E-1
3.87999999999999990E7	1.68263644911773170E-1
3.88999999999999970E7	1.72488543299643340E-1
3.89999999999999990E7	1.76941915437687420E-1
3.91000000000000010E7	1.81608786702208390E-1
3.92000000000000040E7	1.86516190357493450E-1
3.92999999999999970E7	1.91708587525009260E-1
3.93999999999999990E7	1.97125753311793610E-1
3.95000000000000020E7	2.02907453807655620E-1
3.96000000000000000E7	2.08928712213514480E-1
3.97000000000000020E7	2.15396683413909160E-1
3.97999999999999950E7	2.22226224316521440E-1
3.98999999999999980E7	2.29473541028402690E-1
4.00000000000000000E7	2.37196356785956250E-1
4.00999999999999980E7	2.45447833740034050E-1
4.02000000000000050E7	2.54246649897748080E-1
4.02999999999999940E7	2.63665612648889040E-1
4.04000000000000000E7	2.73872690180447840E-1
4.04999999999999980E7	2.84678666991092520E-1
4.06000000000000050E7	2.96402685950045490E-1
4.07000000000000030E7	3.09026013318633150E-1
4.08000000000000010E7	3.22770279921567700E-1
4.08999999999999990E7	3.37842059214275730E-1
4.09999999999999960E7	3.54325511019111030E-1
4.11000000000000030E7	3.72279764359725320E-1
4.12000000000000010E7	3.92263262623096410E-1
4.12999999999999990E7	4.14332175604602340E-1
4.13999999999999970E7	4.39264296182020790E-1
4.15000000000000040E7	4.67218750500816250E-1
4.16000000000000010E7	4.98883852569806500E-1
4.16999999999999990E7	5.35155477074642950E-1
4.17999999999999970E7	5.76962033356883810E-1
4.18999999999999950E7	6.25645637269891890E-1
4.20000000000000020E7	6.82806445974337790E-1
4.21000000000000000E7	7.51154561876601790E-1
4.22000000000000060E7	8.35405305072684890E-1
4.22999999999999950E7	9.38196822342884570E-1
4.24000000000000020E7	1.06876578190993880E0
4.25000000000000000E7	1.23914504772316050E0
4.25999999999999980E7	1.46965059416631490E0
4.27000000000000050E7	1.79765775416041770E0
4.27999999999999940E7	2.26438338266747460E0
4.29000000000000000E7	2.94483703762083990E0
4.29999999999999980E7	3.73968914070444440E0
4.31000000000000050E7	4.00961249529880260E0
4.32000000000000030E7	3.35269659826081500E0
4.33000000000000010E7	2.56064775369256430E0
4.33999999999999990E7	2.00026768079878310E0
4.34999999999999960E7	1.61529596540355500E0
4.36000000000000030E7	1.34690065576208020E0
4.37000000000000010E7	1.14966945096144650E0
4.37999999999999990E7	1.00197755202922960E0
4.38999999999999970E7	8.85471728208709590E-1
4.40000000000000040E7	7.95697774788644630E-1
4.41000000000000010E7	7.20988708418117150E-1
4.41999999999999990E7	6.58638282238270460E-1
4.42999999999999970E7	6.06563542810204300E-1
4.43999999999999950E7	5.62120164213286520E-1
4.45000000000000020E7	5.23832266261613460E-1
4.46000000000000000E7	4.89883776625817640E-1
4.47000000000000060E7	4.60347841971303760E-1
4.47999999999999950E7	4.34265820307037220E-1
4.49000000000000020E7	4.10826937554880530E-1
4.50000000000000000E7	3.89811826787748930E-1
4.50999999999999980E7	3.71049192264219220E-1
4.52000000000000050E7	3.54309071887657190E-1
4.52999999999999940E7	3.38909364715611130E-1
4.54000000000000000E7	3.24759732749515310E-1
4.54999999999999980E7	3.11932448024679630E-1
4.56000000000000050E7	2.99987540780914590E-1
4.57000000000000030E7	2.88981495356209320E-1
4.58000000000000010E7	2.78721362666470450E-1
4.58999999999999990E7	2.69151611366486950E-1
4.59999999999999960E7	2.60328535503349110E-1
4.61000000000000030E7	2.51965945845303410E-1
4.62000000000000010E7	2.44120386068423300E-1
4.62999999999999990E7	2.36764446922998180E-1
4.63999999999999970E7	2.29889339170663610E-1
4.65000000000000040E7	2.23340301039328050E-1
4.66000000000000010E7	2.17208840904141990E-1
4.66999999999999990E7	2.11362022070804520E-1
4.67999999999999970E7	2.05900835954730120E-1
4.68999999999999950E7	2.00507825907337270E-1
4.70000000000000020E7	1.95542251210131710E-1
4.71000000000000000E7	1.90763422349213060E-1
4.72000000000000060E7	1.86215043000064280E-1
4.72999999999999950E7	1.81848270720585070E-1
4.74000000000000020E7	1.77705073275711230E-1
4.75000000000000000E7	1.73758726682891500E-1
4.75999999999999980E7	1.69971895695323250E-1
4.77000000000000050E7	1.66328626338528070E-1
4.77999999999999940E7	1.62862435485381640E-1
4.79000000000000000E7	1.59537740986147150E-1
4.79999999999999980E7	1.56384395308053750E-1
4.81000000000000050E7	1.53370523313687500E-1
4.82000000000000030E7	1.50456113832593810E-1
4.83000000000000010E7	1.47652723787456550E-1
4.83999999999999990E7	1.44971796036373270E-1
4.84999999999999960E7	1.42374352905267880E-1
4.86000000000000030E7	1.39854103969905230E-1
4.87000000000000010E7	1.37446208300326390E-1
4.87999999999999990E7	1.35127796044665490E-1
4.88999999999999970E7	1.32890712406649960E-1
4.90000000000000040E7	1.30751136965990700E-1
4.91000000000000010E7	1.28666347476896540E-1
4.91999999999999990E7	1.26644368073333680E-1
4.92999999999999970E7	1.24693329752358780E-1
4.93999999999999950E7	1.22773439529700410E-1
4.95000000000000020E7	1.20953817291090850E-1
4.96000000000000000E7	1.19181480108657080E-1
4.97000000000000060E7	1.17427539765769760E-1
4.97999999999999950E7	1.15751745884031410E-1
4.99000000000000020E7	1.14113876690643060E-1
5.00000000000000000E7	1.12513577521065630E-1
5.00999999999999980E7	1.11934867238799930E-1
5.02000000000000050E7	1.11364342635423390E-1
5.02999999999999940E7	1.10801831252825300E-1
5.04000000000000000E7	1.10247165442441820E-1
5.04999999999999980E7	1.09700182198791380E-1
5.06000000000000050E7	1.09160722999875940E-1
5.07000000000000030E7	1.08628633654118480E-1
5.08000000000000010E7	1.08103764153527470E-1
5.08999999999999990E7	1.07585968532794300E-1
5.09999999999999960E7	1.07075104734046040E-1
5.11000000000000030E7	1.06571034476991060E-1
5.12000000000000010E7	1.06073623134207230E-1
5.12999999999999990E7	1.05582739611337660E-1
5.13999999999999970E7	1.05098256231970400E-1
5.15000000000000040E7	1.04620048626988300E-1
5.16000000000000010E7	1.04147995628190020E-1
5.16999999999999990E7	1.03681979165989140E-1
5.17999999999999970E7	1.03221884171011790E-1
5.18999999999999950E7	1.02767598479419210E-1
5.20000000000000020E7	1.02319012741792800E-1
5.21000000000000000E7	1.01876020335426220E-1
5.22000000000000060E7	1.01438517279875450E-1
5.22999999999999950E7	1.01006402155629350E-1
5.24000000000000020E7	1.00579576025763200E-1
5.25000000000000000E7	1.00157942360452750E-1
5.25999999999999980E7	9.97414069642233340E-2
5.27000000000000050E7	9.93298779058229900E-2
5.27999999999999940E7	9.89232654506064970E-2
5.29000000000000000E7	9.85214819953294450E-2
5.29999999999999980E7	9.81244420052489370E-2
5.31000000000000050E7	9.77320619534403790E-2
5.32000000000000030E7	9.73442602622360550E-2
5.33000000000000010E7	9.69609572467022220E-2
5.33999999999999990E7	9.65820750600710910E-2
5.34999999999999960E7	9.62075376410491860E-2
5.36000000000000030E7	9.58372706629281270E-2
5.37000000000000010E7	9.54712014844253430E-2
5.37999999999999990E7	9.51092591021877000E-2
5.38999999999999970E7	9.47513741048909000E-2
5.40000000000000040E7	9.43974786288747580E-2
5.41000000000000010E7	9.40475063152529240E-2
5.41999999999999990E7	9.37013922684410790E-2
5.42999999999999970E7	9.33590730160491590E-2
5.43999999999999950E7	9.30204864700850460E-2
5.45000000000000020E7	9.26855718894204910E-2
5.46000000000000000E7	9.23542698434716240E-2
5.47000000000000060E7	9.20265221770476320E-2
5.47999999999999950E7	9.17022719763257220E-2
5.49000000000000020E7	9.13814635359081960E-2
5.50000000000000000E7	9.10640423269240530E-2
5.50999999999999980E7	9.07499549661345210E-2
5.52000000000000050E7	9.04391491860078570E-2
5.52999999999999940E7	9.01315738057263620E-2
5.54000000000000000E7	8.98271787030934910E-2
5.54999999999999980E7	8.95259147873069240E-2
5.56000000000000050E7	8.92277339725684730E-2
5.57000000000000030E7	8.89325891524993930E-2
5.58000000000000010E7	8.86404341753337020E-2
5.58999999999999990E7	8.83512238198609800E-2
5.59999999999999960E7	8.80649137720937070E-2
5.61000000000000030E7	8.77814606026322510E-2
5.62000000000000010E7	8.75008217447048860E-2
5.62999999999999990E7	8.72229554728582460E-2
5.63999999999999970E7	8.69478208822761010E-2
5.65000000000000040E7	8.66753778687057700E-2
5.66000000000000010E7	8.64055871089702170E-2
5.66999999999999990E7	8.61384100420471380E-2
5.67999999999999970E7	8.58738088506946080E-2
5.68999999999999950E7	8.56117464436064960E-2
5.70000000000000020E7	8.53521864380788920E-2
5.71000000000000000E7	8.50950931431700040E-2
5.72000000000000060E7	8.48404315433394980E-2
5.72999999999999950E7	8.45881672825483830E-2
5.74000000000000020E7	8.43382666488068900E-2
5.75000000000000000E7	8.40906965591545230E-2
5.75999999999999980E7	8.38454245450582650E-2
5.77000000000000050E7	8.36024187382157000E-2
5.77999999999999940E7	8.33616478567500610E-2
5.79000000000000000E7	8.31230811917844470E-2
5.79999999999999980E7	8.28866885943828890E-2
5.81000000000000050E7	8.26524404628473870E-2
5.82000000000000030E7	8.24203077303588570E-2
5.83000000000000010E7	8.21902618529512100E-2
5.83999999999999990E7	8.19622747978094250E-2
5.84999999999999960E7	8.17363190318792480E-2
5.86000000000000030E7	8.15123675107807880E-2
5.87000000000000010E7	8.12903936680159410E-2
5.87999999999999990E7	8.10703714044600690E-2
5.88999999999999970E7	8.08522750781302340E-2
5.90000000000000040E7	8.06360794942209050E-2
5.91000000000000010E7	8.04217598953988500E-2
5.91999999999999990E7	8.02092919523500040E-2
5.92999999999999970E7	7.99986517545703180E-2
5.93999999999999950E7	7.97898158013930650E-2
5.95000000000000020E7	7.95827609932464150E-2
5.96000000000000000E7	7.93774646231331180E-2
5.97000000000000060E7	7.91739043683269990E-2
5.97999999999999950E7	7.89720582822788410E-2
5.99000000000000020E7	7.87719047867265590E-2
6.00000000000000000E7	7.85734226640025210E-2
6.00999999999999980E7	7.83765910495332460E-2
6.02000000000000050E7	7.81813894245252250E-2
6.02999999999999940E7	7.79877976088321920E-2
6.04000000000000000E7	7.77957957539979540E-2
6.04999999999999980E7	7.76053643364696820E-2
6.06000000000000050E7	7.74164841509781890E-2
6.07000000000000030E7	7.72291363040779630E-2
6.08000000000000010E7	7.70433022078452100E-2
6.08999999999999990E7	7.68589635737272130E-2
6.09999999999999960E7	7.66761024065400050E-2
6.11000000000000030E7	7.64947009986101100E-2
6.12000000000000010E7	7.63147419240555620E-2
6.12999999999999990E7	7.61362080332030720E-2
6.13999999999999970E7	7.59590824471380090E-2
6.15000000000000040E7	7.57833485523816820E-2
6.16000000000000010E7	7.56089899956949200E-2
6.16999999999999990E7	7.54359906790023160E-2
6.17999999999999970E7	7.52643347544355200E-2
6.18999999999999950E7	7.50940066194910120E-2
6.20000000000000020E7	7.49249909123004800E-2
6.21000000000000000E7	7.47572725070092310E-2
6.22000000000000060E7	7.45908365092621840E-2
6.22999999999999950E7	7.44256682517914390E-2
6.24000000000000020E7	7.42617532901056880E-2
6.25000000000000000E7	7.40990773982764850E-2
6.25999999999999980E7	7.39376265648204440E-2
6.27000000000000050E7	7.37773869886739140E-2
6.27999999999999940E7	7.36183450752576630E-2
6.29000000000000000E7	7.34604874326305430E-2
6.29999999999999980E7	7.33038008677274620E-2
6.31000000000000050E7	7.31482723826819030E-2
6.32000000000000030E7	7.29938891712293800E-2
6.33000000000000010E7	7.28406386151898650E-2
6.33999999999999990E7	7.26885082810279300E-2
6.34999999999999960E7	7.25374859164876630E-2
6.36000000000000030E7	7.23875594473010690E-2
6.37000000000000010E7	7.22387169739682110E-2
6.37999999999999990E7	7.20909467686062650E-2
6.38999999999999970E7	7.19442372718673970E-2
6.40000000000000040E7	7.17985770899220020E-2
6.40999999999999930E7	7.16539549915071830E-2
6.41999999999999990E7	7.15103599050376640E-2
6.42999999999999970E7	7.13677809157783470E-2
6.44000000000000040E7	7.12262072630767040E-2
6.45000000000000020E7	7.10856283376534840E-2
6.45999999999999910E7	7.09460336789504890E-2
6.47000000000000060E7	7.08074129725336920E-2
6.47999999999999950E7	7.06697560475510490E-2
6.49000000000000020E7	7.05330528742425060E-2
6.50000000000000000E7	7.03972935615024300E-2
6.50999999999999980E7	7.02624683544916100E-2
6.52000000000000050E7	7.01285676322989990E-2
6.52999999999999940E7	6.99955819056513830E-2
6.54000000000000090E7	6.98635018146695950E-2
6.54999999999999980E7	6.97323181266705650E-2
6.55999999999999960E7	6.96020217340143790E-2
6.57000000000000030E7	6.94726036519942980E-2
6.58000000000000010E7	6.93440550167699230E-2
6.59000000000000070E7	6.92163670833414990E-2
6.59999999999999960E7	6.90895312235652700E-2
6.60999999999999940E7	6.89635389242078030E-2
6.62000000000000010E7	6.88383817850398480E-2
6.62999999999999990E7	6.87140515169673890E-2
6.64000000000000060E7	6.85905399401998570E-2
6.65000000000000040E7	6.84678389824548360E-2
6.65999999999999930E7	6.83459406771971520E-2
6.66999999999999990E7	6.82248371619135430E-2
6.67999999999999970E7	6.81045206764201440E-2
6.69000000000000040E7	6.79849835612030340E-2
6.70000000000000020E7	6.78662182557917500E-2
6.70999999999999910E7	6.77482172971631250E-2
6.72000000000000060E7	6.76309733181764900E-2
6.72999999999999950E7	6.75144790460390090E-2
6.74000000000000020E7	6.73987273008000990E-2
6.75000000000000000E7	6.72837109938747520E-2
6.75999999999999980E7	6.71694231265950050E-2
6.77000000000000050E7	6.70558567887886260E-2
6.77999999999999940E7	6.69430051573848320E-2
6.79000000000000090E7	6.68308614950467560E-2
6.79999999999999980E7	6.67194191488282850E-2
6.80999999999999960E7	6.66086715488576790E-2
6.82000000000000030E7	6.64986122070446850E-2
6.83000000000000010E7	6.63892347158120440E-2
6.84000000000000070E7	6.62805327468505200E-2
6.84999999999999960E7	6.61725000498969430E-2
6.85999999999999940E7	6.60651304515348240E-2
6.87000000000000010E7	6.59584178540170020E-2
6.87999999999999990E7	6.58523562341098940E-2
6.89000000000000060E7	6.57469396419586620E-2
6.90000000000000040E7	6.56421621999735550E-2
6.90999999999999930E7	6.55380181017356730E-2
6.91999999999999990E7	6.54345016109235460E-2
6.92999999999999970E7	6.53316070602580810E-2
6.94000000000000040E7	6.52293288504672830E-2
6.95000000000000020E7	6.51276614492691760E-2
6.95999999999999910E7	6.50265993903729900E-2
6.97000000000000060E7	6.49261372724980030E-2
6.97999999999999950E7	6.48262697584103260E-2
6.99000000000000020E7	6.47269915739761450E-2
7.00000000000000000E7	6.46282975072321620E-2
7.00999999999999980E7	6.45301824074721960E-2
7.02000000000000050E7	6.44326411843498730E-2
7.02999999999999940E7	6.43356688069972020E-2
7.04000000000000090E7	6.42392603031581630E-2
7.04999999999999980E7	6.41434107583379730E-2
7.05999999999999960E7	6.40481153149665610E-2
7.07000000000000030E7	6.39533691715768350E-2
7.08000000000000010E7	6.38591675819971630E-2
7.09000000000000070E7	6.37655058545575580E-2
7.09999999999999960E7	6.36723793513098710E-2
7.10999999999999940E7	6.35797834872607300E-2
7.12000000000000010E7	6.34877137296182070E-2
7.12999999999999990E7	6.33961655970510310E-2
7.14000000000000060E7	6.33051346589602830E-2
7.15000000000000040E7	6.32146165347636120E-2
7.15999999999999930E7	6.31246068931914190E-2
7.16999999999999990E7	6.30351014515948990E-2
7.17999999999999970E7	6.29460959752658410E-2
7.19000000000000040E7	6.28575862767677230E-2
7.20000000000000020E7	6.27695682152778020E-2
7.20999999999999910E7	6.26820376959403450E-2
7.22000000000000060E7	6.25949906692307860E-2
7.22999999999999950E7	6.25084231303298930E-2
7.24000000000000020E7	6.24223311185088470E-2
7.25000000000000000E7	6.23367107165238910E-2
7.25999999999999980E7	6.22515580500215650E-2
7.27000000000000050E7	6.21668692869529420E-2
7.27999999999999940E7	6.20826406369980790E-2
7.29000000000000090E7	6.19988683509994230E-2
7.29999999999999980E7	6.19155487204046560E-2
7.30999999999999960E7	6.18326780767184300E-2
7.32000000000000030E7	6.17502527909630140E-2
7.33000000000000010E7	6.16682692731477020E-2
7.34000000000000070E7	6.15867239717465330E-2
7.34999999999999960E7	6.15056133731847070E-2
7.35999999999999940E7	6.14249340013328560E-2
7.37000000000000010E7	6.13446824170096770E-2
7.37999999999999990E7	6.12648552174922400E-2
7.39000000000000060E7	6.11854490360342760E-2
7.40000000000000040E7	6.11064605413918650E-2
7.40999999999999930E7	6.10278864373567840E-2
7.41999999999999990E7	6.09497234622971180E-2
7.42999999999999970E7	6.08719683887051670E-2
7.44000000000000040E7	6.07946180227521720E-2
7.45000000000000020E7	6.07176692038502890E-2
7.45999999999999910E7	6.06411188042213480E-2
7.47000000000000060E7	6.05649637284720300E-2
7.47999999999999950E7	6.04892009131760130E-2
7.49000000000000020E7	6.04138273264622510E-2
7.50000000000000000E7	6.03388399676098430E-2
7.50999999999999980E7	6.02642358666488140E-2
7.52000000000000050E7	6.01900120839675520E-2
7.52999999999999940E7	6.01161657099256090E-2
7.54000000000000090E7	6.00426938644728820E-2
7.54999999999999980E7	5.99695936967743130E-2
7.55999999999999960E7	5.98968623848405550E-2
7.57000000000000030E7	5.98244971351638540E-2
7.58000000000000010E7	5.97524951823598370E-2
7.59000000000000070E7	5.96808537888143140E-2
7.59999999999999960E7	5.96095702443358630E-2
7.60999999999999940E7	5.95386418658129470E-2
7.62000000000000010E7	5.94680659968768490E-2
7.62999999999999990E7	5.93978400075691400E-2
7.64000000000000060E7	5.93279612940145280E-2
7.65000000000000040E7	5.92584272780979400E-2
7.65999999999999930E7	5.91892354071470980E-2
7.66999999999999990E7	5.91203831536192140E-2
7.67999999999999970E7	5.90518680147927450E-2
7.69000000000000040E7	5.89836875124631990E-2
7.70000000000000020E7	5.89158391926438970E-2
7.70999999999999910E7	5.88483206252706650E-2
7.72000000000000060E7	5.87811294039113190E-2
7.72999999999999950E7	5.87142631454787890E-2
7.74000000000000020E7	5.86477194899488730E-2
7.75000000000000000E7	5.85814961000819780E-2
7.75999999999999980E7	5.85155906611487180E-2
7.77000000000000050E7	5.84500008806596490E-2
7.77999999999999940E7	5.83847244880987490E-2
7.79000000000000090E7	5.83197592346608400E-2
7.79999999999999980E7	5.82551028929927290E-2
7.80999999999999960E7	5.81907532569379530E-2
7.82000000000000030E7	5.81267081412852170E-2
7.83000000000000010E7	5.80629653815206930E-2
7.84000000000000070E7	5.79995228335831480E-2
7.84999999999999960E7	5.79363783736232120E-2
7.85999999999999940E7	5.78735298977657210E-2
7.87000000000000010E7	5.78109753218755800E-2
7.87999999999999990E7	5.77487125813264330E-2
7.89000000000000060E7	5.76867396307733400E-2
7.90000000000000040E7	5.76250544439279720E-2
7.90999999999999930E7	5.75636550133373690E-2
7.91999999999999990E7	5.75025393501654140E-2
7.92999999999999970E7	5.74417054839776320E-2
7.94000000000000040E7	5.73811514625289120E-2
7.95000000000000020E7	5.73208753515539820E-2
7.95999999999999910E7	5.72608752345609600E-2
7.97000000000000060E7	5.72011492126277330E-2
7.97999999999999950E7	5.71416954042009890E-2
7.99000000000000020E7	5.70825119448982400E-2
8.00000000000000000E7	5.70235969873122080E-2
8.00999999999999980E7	5.69649487008181850E-2
8.01999999999999960E7	5.69065652713838240E-2
8.02999999999999940E7	5.68484449013817980E-2
8.04000000000000090E7	5.67905858094044460E-2
8.05000000000000070E7	5.67329862300814720E-2
8.05999999999999870E7	5.66756444138998820E-2
8.07000000000000030E7	5.66185586270263210E-2
8.08000000000000010E7	5.65617271511315600E-2
8.08999999999999990E7	5.65051482832180780E-2
8.09999999999999960E7	5.64488203354490900E-2
8.10999999999999940E7	5.63927416349803230E-2
8.12000000000000100E7	5.63369105237939040E-2
8.12999999999999900E7	5.62813253585344510E-2
8.14000000000000060E7	5.62259845103474550E-2
8.15000000000000040E7	5.61708863647196030E-2
8.16000000000000010E7	5.61160293213212750E-2
8.16999999999999990E7	5.60614117938511920E-2
8.17999999999999970E7	5.60070322098830340E-2
8.19000000000000130E7	5.59528890107140950E-2
8.19999999999999930E7	5.58989806512157730E-2
8.20999999999999910E7	5.58453055996863230E-2
8.22000000000000060E7	5.57918623377051400E-2
8.23000000000000040E7	5.57386493599893030E-2
8.24000000000000020E7	5.56856651742516550E-2
8.25000000000000000E7	5.56329083010608990E-2
8.25999999999999980E7	5.55803772737035380E-2
8.26999999999999960E7	5.55280706380474330E-2
8.27999999999999940E7	5.54759869524071640E-2
8.29000000000000090E7	5.54241247874112550E-2
8.30000000000000070E7	5.53724827258709600E-2
8.30999999999999870E7	5.53210593626506060E-2
8.32000000000000030E7	5.52698533045398400E-2
8.33000000000000010E7	5.52188631701275410E-2
8.33999999999999990E7	5.51680875896768620E-2
8.34999999999999960E7	5.51175252050024160E-2
8.35999999999999940E7	5.50671746693486060E-2
8.37000000000000100E7	5.50170346472697780E-2
8.37999999999999900E7	5.49671038145117130E-2
8.39000000000000060E7	5.49173808578945000E-2
8.40000000000000040E7	5.48678644751972660E-2
8.41000000000000010E7	5.48185533750439100E-2
8.41999999999999990E7	5.47694462767904340E-2
8.42999999999999970E7	5.47205419104138540E-2
8.44000000000000130E7	5.46718390164021790E-2
8.44999999999999930E7	5.46233363456460010E-2
8.45999999999999910E7	5.45750326593311550E-2
8.47000000000000060E7	5.45269267288331070E-2
8.48000000000000040E7	5.44790173356122050E-2
8.49000000000000020E7	5.44313032711105200E-2
8.50000000000000000E7	5.43837833366498910E-2
8.50999999999999980E7	5.43364563433310010E-2
8.51999999999999960E7	5.42893211119340440E-2
8.52999999999999940E7	5.42423764728203660E-2
8.54000000000000090E7	5.41956212658353210E-2
8.55000000000000070E7	5.41490543402123860E-2
8.55999999999999870E7	5.41026745544782980E-2
8.57000000000000030E7	5.40564807763596100E-2
8.58000000000000010E7	5.40104718826900410E-2
8.58999999999999990E7	5.39646467593191300E-2
8.59999999999999960E7	5.39190043010220240E-2
8.60999999999999940E7	5.38735434114102050E-2
8.62000000000000100E7	5.38282630028433930E-2
8.62999999999999900E7	5.37831619963424150E-2
8.64000000000000060E7	5.37382393215033010E-2
8.65000000000000040E7	5.36934939164121250E-2
8.66000000000000010E7	5.36489247275610380E-2
8.66999999999999990E7	5.36045307097652570E-2
8.67999999999999970E7	5.35603108260811920E-2
8.69000000000000130E7	5.35162640477249510E-2
8.69999999999999930E7	5.34723893539928600E-2
8.70999999999999910E7	5.34286857321816910E-2
8.72000000000000060E7	5.33851521775108570E-2
8.73000000000000040E7	5.33417876930448460E-2
8.74000000000000020E7	5.32985912896169540E-2
8.75000000000000000E7	5.32555619857536480E-2
8.75999999999999980E7	5.32126988075999650E-2
8.76999999999999960E7	5.31700007888458170E-2
8.77999999999999940E7	5.31274669706528610E-2
8.79000000000000090E7	5.30850964015826850E-2
8.80000000000000070E7	5.30428881375253790E-2
8.80999999999999870E7	5.30008412416291110E-2
8.82000000000000030E7	5.29589547842306270E-2
8.83000000000000010E7	5.29172278427863850E-2
8.83999999999999990E7	5.28756595018044710E-2
8.84999999999999960E7	5.28342488527774280E-2
8.85999999999999940E7	5.27929949941157610E-2
8.87000000000000100E7	5.27518970310821620E-2
8.87999999999999900E7	5.27109540757267240E-2
8.89000000000000060E7	5.26701652468223620E-2
8.90000000000000040E7	5.26295296698016650E-2
8.91000000000000010E7	5.25890464766939210E-2
8.91999999999999990E7	5.25487148060630020E-2
8.92999999999999970E7	5.25085338029462090E-2
8.94000000000000130E7	5.24685026187932560E-2
8.94999999999999930E7	5.24286204114065320E-2
8.95999999999999910E7	5.23888863448816800E-2
8.97000000000000060E7	5.23492995895488630E-2
8.98000000000000040E7	5.23098593219148000E-2
8.99000000000000020E7	5.22705647246054990E-2
9.00000000000000000E7	5.22314149863093040E-2
9.00999999999999980E7	5.21924093017209500E-2
9.01999999999999960E7	5.21535468714861490E-2
9.02999999999999940E7	5.21148269021464650E-2
9.04000000000000090E7	5.20762486060853470E-2
9.05000000000000070E7	5.20378112014742820E-2
9.05999999999999870E7	5.19995139122197880E-2
9.07000000000000030E7	5.19613559679108940E-2
9.08000000000000010E7	5.19233366037672720E-2
9.08999999999999990E7	5.18854550605878730E-2
9.09999999999999960E7	5.18477105847001240E-2
9.10999999999999940E7	5.18101024279097630E-2
9.12000000000000100E7	5.17726298474510660E-2
9.12999999999999900E7	5.17352921059377020E-2
9.14000000000000060E7	5.16980884713142960E-2
9.15000000000000040E7	5.16610182168080280E-2
9.16000000000000010E7	5.16240806208814900E-2
9.16999999999999990E7	5.15872749671851590E-2
9.17999999999999970E7	5.15506005445111980E-2
9.19000000000000130E7	5.15140566467473620E-2
9.19999999999999930E7	5.14776425728312950E-2
9.20999999999999910E7	5.14413576267055730E-2
9.22000000000000060E7	5.14052011172731400E-2
9.23000000000000040E7	5.13691723583531350E-2
9.24000000000000020E7	5.13332706686373010E-2
9.25000000000000000E7	5.12974953716468370E-2
9.25999999999999980E7	5.12618457956895850E-2
9.26999999999999960E7	5.12263212738178630E-2
9.27999999999999940E7	5.11909211437866410E-2
9.29000000000000090E7	5.11556447480121170E-2
9.30000000000000070E7	5.11204914335308040E-2
9.30999999999999870E7	5.10854605519590340E-2
9.32000000000000030E7	5.10505514594527910E-2
9.33000000000000010E7	5.10157635166683310E-2
9.33999999999999990E7	5.09810960887225750E-2
9.34999999999999960E7	5.09465485451543820E-2
9.35999999999999940E7	5.09121202598863400E-2
9.37000000000000100E7	5.08778106111864140E-2
9.37999999999999900E7	5.08436189816305270E-2
9.39000000000000060E7	5.08095447580652680E-2
9.40000000000000040E7	5.07755873315709390E-2
9.41000000000000010E7	5.07417460974251980E-2
9.41999999999999990E7	5.07080204550668960E-2
9.42999999999999970E7	5.06744098080603680E-2
9.44000000000000130E7	5.06409135640600190E-2
9.44999999999999930E7	5.06075311347754740E-2
9.45999999999999910E7	5.05742619359366600E-2
9.47000000000000060E7	5.05411053872598610E-2
9.48000000000000040E7	5.05080609124135190E-2
9.49000000000000020E7	5.04751279389847520E-2
9.50000000000000000E7	5.04423058984461110E-2
9.50999999999999980E7	5.04095942261225890E-2
9.51999999999999960E7	5.03769923611592670E-2
9.52999999999999940E7	5.03444997464886690E-2
9.54000000000000090E7	5.03121158287993090E-2
9.55000000000000070E7	5.02798400585036730E-2
9.55999999999999870E7	5.02476718897073220E-2
9.57000000000000030E7	5.02156107801776220E-2
9.58000000000000010E7	5.01836561913131800E-2
9.58999999999999990E7	5.01518075881136300E-2
9.59999999999999960E7	5.01200644391494170E-2
9.60999999999999940E7	5.00884262165321470E-2
9.62000000000000100E7	5.00568923958850750E-2
9.62999999999999900E7	5.00254624563141090E-2
9.64000000000000060E7	4.99941358803787410E-2
9.65000000000000040E7	4.99629121540635880E-2
9.66000000000000010E7	4.99317907667500550E-2
9.66999999999999990E7	4.99007712111884060E-2
9.67999999999999970E7	4.98698529834699580E-2
9.69000000000000130E7	4.98390355829995980E-2
9.69999999999999930E7	4.98083185124686700E-2
9.70999999999999910E7	4.97777012778279370E-2
9.72000000000000060E7	4.97471833882611310E-2
9.73000000000000040E7	4.97167643561582300E-2
9.74000000000000020E7	4.96864436970895800E-2
9.75000000000000000E7	4.96562209297800460E-2
9.75999999999999980E7	4.96260955760830760E-2
9.76999999999999960E7	4.95960671609556150E-2
9.77999999999999940E7	4.95661352124328850E-2
9.79000000000000090E7	4.95362992616033980E-2
9.80000000000000070E7	4.95065588425843740E-2
9.80999999999999870E7	4.94769134924974540E-2
9.82000000000000030E7	4.94473627514442170E-2
9.83000000000000010E7	4.94179061624825520E-2
9.83999999999999990E7	4.93885432716027320E-2
9.84999999999999960E7	4.93592736277040790E-2
9.85999999999999940E7	4.93300967825715910E-2
9.87000000000000100E7	4.93010122908529350E-2
9.87999999999999900E7	4.92720197100356750E-2
9.89000000000000060E7	4.92431186004245710E-2
9.90000000000000040E7	4.92143085251194010E-2
9.91000000000000010E7	4.91855890499924620E-2
9.91999999999999990E7	4.91569597436669350E-2
9.92999999999999970E7	4.91284201774949740E-2
9.94000000000000130E7	4.90999699255362020E-2
9.94999999999999930E7	4.90716085645363180E-2
9.95999999999999910E7	4.90433356739059080E-2
9.97000000000000060E7	4.90151508356997740E-2
9.98000000000000040E7	4.89870536345958740E-2
9.99000000000000020E7	4.89590436578749700E-2
1.00000000000000000E8	4.89311204954001240E-2


