freq	mag(K)
1.00000000000000000E6	3.21933622083473740E-3
1.10000000000000010E6	3.54306556287040570E-3
1.20000000000000000E6	3.86712275824185790E-3
1.30000000000000000E6	4.19150814753468290E-3
1.39999999999999990E6	4.51622207160592200E-3
1.50000000000000000E6	4.84126487158366370E-3
1.60000000000000010E6	5.16663688886662520E-3
1.70000000000000000E6	5.49233846512375120E-3
1.80000000000000000E6	5.81836994229378930E-3
1.89999999999999990E6	6.14473166258486180E-3
2.00000000000000000E6	6.47142396847404380E-3
2.10000000000000010E6	6.79844720270694580E-3
2.20000000000000020E6	7.12580170829724760E-3
2.29999999999999980E6	7.45348782852630090E-3
2.39999999999999990E6	7.78150590694263840E-3
2.50000000000000000E6	8.10985628736157690E-3
2.60000000000000010E6	8.43853931386472840E-3
2.70000000000000020E6	8.76755533079956000E-3
2.79999999999999980E6	9.09690468277894480E-3
2.89999999999999990E6	9.42658771468066980E-3
3.00000000000000000E6	9.75660477164699990E-3
3.10000000000000010E6	1.00869561990841890E-2
3.20000000000000020E6	1.04176423426619880E-2
3.29999999999999980E6	1.07486635483132110E-2
3.39999999999999990E6	1.10800201622332060E-2
3.50000000000000000E6	1.14117125308793810E-2
3.60000000000000010E6	1.17437410009707180E-2
3.70000000000000020E6	1.20761059194872700E-2
3.79999999999999980E6	1.24088076336696500E-2
3.89999999999999990E6	1.27418464910185270E-2
4.00000000000000000E6	1.30752228392941320E-2
4.09999999999999960E6	1.34089370265157370E-2
4.20000000000000020E6	1.37429894009611120E-2
4.29999999999999980E6	1.40773803111660210E-2
4.40000000000000040E6	1.44121101059237030E-2
4.50000000000000000E6	1.47471791342843140E-2
4.59999999999999960E6	1.50825877455544010E-2
4.70000000000000020E6	1.54183362892963390E-2
4.79999999999999980E6	1.57544251153278610E-2
4.90000000000000040E6	1.60908545737213960E-2
5.00000000000000000E6	1.64276250148035910E-2
5.09999999999999960E6	1.67647367891547020E-2
5.20000000000000020E6	1.71021902476080800E-2
5.29999999999999980E6	1.74399857412495550E-2
5.40000000000000040E6	1.77781236214168840E-2
5.50000000000000000E6	1.81166042396991830E-2
5.59999999999999960E6	1.84554279479362850E-2
5.70000000000000020E6	1.87945950982182360E-2
5.79999999999999980E6	1.91341060428846110E-2
5.90000000000000040E6	1.94739611345239850E-2
6.00000000000000000E6	1.98141607259733330E-2
6.09999999999999960E6	2.01547051703173440E-2
6.20000000000000020E6	2.04955948208878610E-2
6.29999999999999980E6	2.08368300312633000E-2
6.40000000000000040E6	2.11784111552679380E-2
6.50000000000000000E6	2.15203385469713600E-2
6.59999999999999960E6	2.18626125606877950E-2
6.70000000000000020E6	2.22052335509754650E-2
6.79999999999999980E6	2.25482018726359760E-2
6.90000000000000040E6	2.28915178807136190E-2
7.00000000000000000E6	2.32351819304948080E-2
7.09999999999999960E6	2.35791943775073110E-2
7.20000000000000020E6	2.39235555775196400E-2
7.29999999999999980E6	2.42682658865403940E-2
7.40000000000000040E6	2.46133256608175750E-2
7.50000000000000000E6	2.49587352568378980E-2
7.59999999999999960E6	2.53044950313261240E-2
7.70000000000000020E6	2.56506053412443350E-2
7.79999999999999980E6	2.59970665437912900E-2
7.90000000000000040E6	2.63438789964016750E-2
8.00000000000000000E6	2.66910430567454560E-2
8.09999999999999960E6	2.70385590827271120E-2
8.19999999999999930E6	2.73864274324849260E-2
8.30000000000000070E6	2.77346484643903280E-2
8.40000000000000040E6	2.80832225370470700E-2
8.50000000000000000E6	2.84321500092905580E-2
8.59999999999999960E6	2.87814312401871320E-2
8.69999999999999930E6	2.91310665890332430E-2
8.80000000000000070E6	2.94810564153547670E-2
8.90000000000000040E6	2.98314010789062680E-2
9.00000000000000000E6	3.01821009396701530E-2
9.09999999999999960E6	3.05331563578560110E-2
9.19999999999999930E6	3.08845676938997290E-2
9.30000000000000070E6	3.12363353084628590E-2
9.40000000000000040E6	3.15884595624316810E-2
9.50000000000000000E6	3.19409408169165370E-2
9.59999999999999960E6	3.22937794332509530E-2
9.69999999999999930E6	3.26469757729909380E-2
9.80000000000000070E6	3.30005301979140240E-2
9.90000000000000040E6	3.33544430700186420E-2
1.00000000000000000E7	3.37087147515231460E-2
1.01000000000000000E7	3.40818195624793980E-2
1.02000000000000000E7	3.44560823733685060E-2
1.03000000000000000E7	3.48314768378388000E-2
1.04000000000000000E7	3.52081174407425390E-2
1.05000000000000000E7	3.55858809754635310E-2
1.06000000000000010E7	3.59649082382044450E-2
1.06999999999999980E7	3.63451995023528520E-2
1.08000000000000010E7	3.67267493888475730E-2
1.09000000000000010E7	3.71095394114096870E-2
1.10000000000000010E7	3.74936410005090880E-2
1.10999999999999990E7	3.78789827265039620E-2
1.11999999999999990E7	3.82656662909069740E-2
1.13000000000000010E7	3.86537722536902930E-2
1.14000000000000010E7	3.90432601316971000E-2
1.14999999999999990E7	3.94340369515123080E-2
1.15999999999999990E7	3.98262127194413120E-2
1.16999999999999990E7	4.02198070814048410E-2
1.18000000000000020E7	4.06141234530115100E-2
1.18999999999999990E7	4.10105306882916930E-2
1.20000000000000000E7	4.14084306932427900E-2
1.21000000000000000E7	4.18078267669434740E-2
1.22000000000000000E7	4.22085860207436700E-2
1.23000000000000000E7	4.26108980752874530E-2
1.24000000000000000E7	4.30148336772641660E-2
1.25000000000000000E7	4.34204162031091290E-2
1.26000000000000000E7	4.38283872169381630E-2
1.27000000000000000E7	4.42369724939256060E-2
1.28000000000000000E7	4.46472100991957270E-2
1.29000000000000000E7	4.50590784539283180E-2
1.30000000000000000E7	4.54725634346956030E-2
1.31000000000000010E7	4.58877920537331630E-2
1.31999999999999980E7	4.63046476149752980E-2
1.33000000000000010E7	4.67234695773714390E-2
1.34000000000000010E7	4.71440698413196650E-2
1.35000000000000010E7	4.75664839854719370E-2
1.35999999999999990E7	4.79908274711685670E-2
1.36999999999999990E7	4.84167203772522200E-2
1.38000000000000010E7	4.88445766481507610E-2
1.39000000000000010E7	4.92743641601098940E-2
1.39999999999999990E7	4.97060743324197500E-2
1.40999999999999990E7	5.01387308433497210E-2
1.41999999999999990E7	5.05740820227007950E-2
1.43000000000000020E7	5.10115381642052860E-2
1.43999999999999990E7	5.14509467268160400E-2
1.45000000000000000E7	5.18926064955777380E-2
1.46000000000000000E7	5.23361933645682240E-2
1.47000000000000000E7	5.27815998932247420E-2
1.48000000000000000E7	5.32292575618104280E-2
1.49000000000000000E7	5.36791963774405630E-2
1.50000000000000000E7	5.41313396032437130E-2
1.51000000000000000E7	5.45855068869808500E-2
1.52000000000000000E7	5.50411501403346650E-2
1.53000000000000000E7	5.54992388610623520E-2
1.54000000000000000E7	5.59596187829282330E-2
1.55000000000000000E7	5.64220699761544610E-2
1.56000000000000010E7	5.68867763952780960E-2
1.56999999999999980E7	5.73559847424053880E-2
1.58000000000000010E7	5.78253056859234870E-2
1.59000000000000010E7	5.82973445134186190E-2
1.60000000000000010E7	5.87715929028954060E-2
1.61000000000000010E7	5.92486452987095010E-2
1.61999999999999990E7	5.97282144395245940E-2
1.63000000000000010E7	6.02101475425260270E-2
1.63999999999999990E7	6.06949888430863460E-2
1.64999999999999990E7	6.11823399322948270E-2
1.66000000000000010E7	6.16721185284227860E-2
1.66999999999999990E7	6.21642686171651530E-2
1.68000000000000020E7	6.26596802465405830E-2
1.68999999999999990E7	6.31576052735871760E-2
1.70000000000000000E7	6.36585988594904870E-2
1.71000000000000020E7	6.41629261434728450E-2
1.72000000000000000E7	6.46672018150280530E-2
1.73000000000000000E7	6.51769984988708370E-2
1.73999999999999980E7	6.56899638184807430E-2
1.75000000000000000E7	6.62057941725871400E-2
1.76000000000000020E7	6.67248076917054610E-2
1.77000000000000000E7	6.72466393527859910E-2
1.78000000000000000E7	6.77715632605755310E-2
1.78999999999999980E7	6.82998093771297030E-2
1.80000000000000000E7	6.88302328961258960E-2
1.81000000000000010E7	6.93635904996623860E-2
1.81999999999999980E7	6.99000959962967630E-2
1.83000000000000010E7	7.04442396523364420E-2
1.83999999999999990E7	7.09871369491917290E-2
1.85000000000000010E7	7.15337838151122090E-2
1.86000000000000010E7	7.20835027019423260E-2
1.86999999999999990E7	7.26367248090455500E-2
1.88000000000000010E7	7.31908106897957110E-2
1.88999999999999990E7	7.37508602641948040E-2
1.89999999999999990E7	7.43145371705846890E-2
1.91000000000000010E7	7.48819366898990600E-2
1.91999999999999990E7	7.54527038674428050E-2
1.93000000000000020E7	7.60319284671929910E-2
1.93999999999999990E7	7.66101035380538060E-2
1.95000000000000000E7	7.71925050352550990E-2
1.96000000000000020E7	7.77788020613905220E-2
1.97000000000000000E7	7.83687578651058910E-2
1.98000000000000000E7	7.89629745355845270E-2
1.98999999999999980E7	7.95623463679697100E-2
2.00000000000000000E7	8.01660078143039990E-2
2.01000000000000020E7	8.07737586939520470E-2
2.02000000000000000E7	8.13857144050681570E-2
2.03000000000000020E7	8.19975802433163990E-2
2.04000000000000000E7	8.26177575105635680E-2
2.04999999999999980E7	8.32423015923677670E-2
2.06000000000000010E7	8.38718686907182760E-2
2.06999999999999980E7	8.45056006010407930E-2
2.08000000000000010E7	8.51435702323563070E-2
2.08999999999999990E7	8.57861979365031500E-2
2.10000000000000010E7	8.64340882078563230E-2
2.11000000000000030E7	8.70857942224264470E-2
2.12000000000000010E7	8.77429592385091080E-2
2.12999999999999990E7	8.84048379310390150E-2
2.13999999999999970E7	8.90721637395163770E-2
2.14999999999999990E7	8.97433392197801180E-2
2.16000000000000010E7	9.04205376083764460E-2
2.16999999999999990E7	9.11023558271911680E-2
2.18000000000000020E7	9.17882223014261100E-2
2.18999999999999990E7	9.24887105751484210E-2
2.20000000000000020E7	9.31844722647106140E-2
2.21000000000000000E7	9.38869672711542510E-2
2.21999999999999980E7	9.45937230893397360E-2
2.23000000000000000E7	9.53066436297197050E-2
2.23999999999999980E7	9.60253737359539270E-2
2.25000000000000000E7	9.67503461626322900E-2
2.26000000000000020E7	9.74803960978800000E-2
2.27000000000000000E7	9.82182961642660860E-2
2.28000000000000020E7	9.89623275156707470E-2
2.29000000000000000E7	9.97128233312919400E-2
2.29999999999999980E7	1.00470423332403900E-1
2.31000000000000010E7	1.01233037099810170E-1
2.31999999999999980E7	1.02002876753408270E-1
2.33000000000000010E7	1.02778358719977910E-1
2.33999999999999990E7	1.03561905157653490E-1
2.35000000000000010E7	1.04354340081765780E-1
2.36000000000000030E7	1.05152338456365820E-1
2.37000000000000010E7	1.05956983367473570E-1
2.37999999999999990E7	1.06769068208699160E-1
2.38999999999999970E7	1.07587842696475740E-1
2.39999999999999990E7	1.08415523043766830E-1
2.41000000000000010E7	1.09250157853698890E-1
2.41999999999999990E7	1.10090706500733850E-1
2.43000000000000020E7	1.10941395390380190E-1
2.43999999999999990E7	1.11799183787318570E-1
2.45000000000000020E7	1.12663965371423340E-1
2.46000000000000000E7	1.13535945046497180E-1
2.46999999999999980E7	1.14416223420258010E-1
2.48000000000000000E7	1.15305118992903610E-1
2.48999999999999980E7	1.16201562855105720E-1
2.50000000000000000E7	1.17106150352547810E-1
2.51000000000000020E7	1.18021311481120030E-1
2.52000000000000000E7	1.18945185501184160E-1
2.53000000000000020E7	1.19877389813557530E-1
2.54000000000000000E7	1.20818851486221600E-1
2.54999999999999980E7	1.21768501489483190E-1
2.56000000000000010E7	1.22727402683288320E-1
2.56999999999999980E7	1.23696531592337710E-1
2.58000000000000010E7	1.24674734688504390E-1
2.58999999999999990E7	1.25664313290302370E-1
2.60000000000000010E7	1.26662551850366790E-1
2.61000000000000030E7	1.27672301834844790E-1
2.62000000000000010E7	1.28690829684077060E-1
2.62999999999999990E7	1.29721412266074790E-1
2.63999999999999970E7	1.30763995271711940E-1
2.64999999999999990E7	1.31816405977853360E-1
2.66000000000000010E7	1.32880774799270630E-1
2.66999999999999990E7	1.33957194402502510E-1
2.68000000000000020E7	1.35044728792968760E-1
2.68999999999999990E7	1.36142385596555520E-1
2.70000000000000020E7	1.37256303353423110E-1
2.71000000000000000E7	1.38379119957266280E-1
2.71999999999999980E7	1.39516593137347460E-1
2.73000000000000000E7	1.40665474016439030E-1
2.73999999999999980E7	1.41829745043577950E-1
2.75000000000000000E7	1.43007712462354460E-1
2.76000000000000020E7	1.44200694354261930E-1
2.77000000000000000E7	1.45404035674343100E-1
2.78000000000000020E7	1.46622293957563300E-1
2.79000000000000000E7	1.47857928966136360E-1
2.79999999999999980E7	1.49107819756289860E-1
2.81000000000000010E7	1.50369442102510660E-1
2.81999999999999980E7	1.51649726300530970E-1
2.83000000000000010E7	1.52940663582017320E-1
2.83999999999999990E7	1.54250868887284610E-1
2.85000000000000010E7	1.55576809171721010E-1
2.86000000000000030E7	1.56921770138599400E-1
2.87000000000000010E7	1.58283528291261380E-1
2.87999999999999990E7	1.59660963577937930E-1
2.88999999999999970E7	1.61055508069247550E-1
2.89999999999999990E7	1.62467646942174900E-1
2.91000000000000010E7	1.63897349032519820E-1
2.91999999999999990E7	1.65343126955118520E-1
2.93000000000000020E7	1.66805474072582080E-1
2.93999999999999990E7	1.68285296677439740E-1
2.95000000000000020E7	1.69783991342156270E-1
2.96000000000000000E7	1.71304559548870580E-1
2.96999999999999980E7	1.72846864258421020E-1
2.98000000000000000E7	1.74405275905592560E-1
2.98999999999999980E7	1.75986516279772510E-1
3.00000000000000000E7	1.77593048509457560E-1
3.01000000000000020E7	1.79215530509101460E-1
3.02000000000000000E7	1.80870140740859830E-1
3.03000000000000020E7	1.82555880988232340E-1
3.04000000000000000E7	1.84255133164561410E-1
3.04999999999999980E7	1.85979633235930870E-1
3.06000000000000010E7	1.87733353464136420E-1
3.06999999999999980E7	1.89513770771776360E-1
3.08000000000000010E7	1.91316507465090860E-1
3.08999999999999990E7	1.93146799255029780E-1
3.10000000000000010E7	1.95004780895268180E-1
3.11000000000000030E7	1.96891728680662710E-1
3.12000000000000010E7	1.98809021085060800E-1
3.12999999999999990E7	2.00748639643189990E-1
3.13999999999999970E7	2.02724388430366260E-1
3.14999999999999990E7	2.04726912330082470E-1
3.16000000000000010E7	2.06763271907060590E-1
3.16999999999999990E7	2.08828162206566100E-1
3.18000000000000020E7	2.10926163562478310E-1
3.18999999999999990E7	2.13063799042485870E-1
3.20000000000000020E7	2.15232752609908040E-1
3.21000000000000000E7	2.17445078801823750E-1
3.22000000000000020E7	2.19694533887125760E-1
3.22999999999999950E7	2.21976810068550680E-1
3.23999999999999980E7	2.24298780464403170E-1
3.25000000000000000E7	2.26659511556462110E-1
3.26000000000000020E7	2.29064177735222960E-1
3.27000000000000050E7	2.31505168285338400E-1
3.27999999999999980E7	2.33993702550330870E-1
3.29000000000000000E7	2.36529190459379720E-1
3.29999999999999980E7	2.39086615244224190E-1
3.31000000000000010E7	2.41699149417218620E-1
3.32000000000000030E7	2.44344541145866190E-1
3.32999999999999960E7	2.47051843918741200E-1
3.33999999999999990E7	2.49803086317878000E-1
3.35000000000000010E7	2.52609331037041860E-1
3.36000000000000030E7	2.55462529365903590E-1
3.37000000000000010E7	2.58363448758680650E-1
3.37999999999999990E7	2.61325616247154540E-1
3.38999999999999970E7	2.64357425300779660E-1
3.39999999999999990E7	2.67460529548618190E-1
3.41000000000000010E7	2.70610858990786960E-1
3.42000000000000040E7	2.73820628582765750E-1
3.42999999999999970E7	2.77116643898356290E-1
3.43999999999999990E7	2.80458921281019390E-1
3.45000000000000020E7	2.83884802677489430E-1
3.46000000000000000E7	2.87384190426587920E-1
3.47000000000000020E7	2.90945803701207640E-1
3.47999999999999950E7	2.94582942522032590E-1
3.48999999999999980E7	2.98298424644053830E-1
3.50000000000000000E7	3.02098681798575800E-1
3.51000000000000020E7	3.05977549169771870E-1
3.52000000000000050E7	3.09938346346090790E-1
3.52999999999999980E7	3.13983618440775870E-1
3.54000000000000000E7	3.18132627551079320E-1
3.54999999999999980E7	3.22366172794385260E-1
3.56000000000000010E7	3.26688132843533770E-1
3.57000000000000030E7	3.31102528951270170E-1
3.57999999999999960E7	3.35608688994471740E-1
3.58999999999999990E7	3.40241027526038970E-1
3.60000000000000010E7	3.44960659287281770E-1
3.61000000000000030E7	3.49789128869602100E-1
3.62000000000000010E7	3.54734629617819540E-1
3.62999999999999990E7	3.59788285061479840E-1
3.63999999999999970E7	3.64980505058328750E-1
3.64999999999999990E7	3.70294129840366140E-1
3.66000000000000010E7	3.75770712840611940E-1
3.67000000000000040E7	3.81316814739981740E-1
3.67999999999999970E7	3.87117020854021290E-1
3.68999999999999990E7	3.93011519345971160E-1
3.70000000000000020E7	3.99107833351896300E-1
3.71000000000000000E7	4.05303679085256970E-1
3.72000000000000020E7	4.11711577854264550E-1
3.72999999999999950E7	4.18254290510893600E-1
3.73999999999999980E7	4.24996714185594810E-1
3.75000000000000000E7	4.31936140189346230E-1
3.76000000000000020E7	4.39018679300728110E-1
3.77000000000000050E7	4.46275737846061200E-1
3.77999999999999980E7	4.53751616028114310E-1
3.79000000000000000E7	4.61437921025484420E-1
3.79999999999999980E7	4.69273695823923460E-1
3.81000000000000010E7	4.77373731747514900E-1
3.82000000000000030E7	4.85717415902514470E-1
3.82999999999999960E7	4.94342623172984560E-1
3.83999999999999990E7	5.03176254016052300E-1
3.85000000000000010E7	5.12172748538077730E-1
3.86000000000000030E7	5.21673355489078360E-1
3.87000000000000010E7	5.31421054246111080E-1
3.87999999999999990E7	5.41356431797129470E-1
3.88999999999999970E7	5.51546772161441100E-1
3.89999999999999990E7	5.62204481637613270E-1
3.91000000000000010E7	5.73154471802435950E-1
3.92000000000000040E7	5.84322409647818470E-1
3.92999999999999970E7	5.95855060627440110E-1
3.93999999999999990E7	6.07725872396677150E-1
3.95000000000000020E7	6.20088258835250890E-1
3.96000000000000000E7	6.32591058637453860E-1
3.97000000000000020E7	6.45611811337266510E-1
3.97999999999999950E7	6.59074797393765180E-1
3.98999999999999980E7	6.72880711249474040E-1
4.00000000000000000E7	6.87015923472626970E-1
4.00999999999999980E7	7.01438547095854050E-1
4.02000000000000050E7	7.16383047397047080E-1
4.02999999999999940E7	7.31773667516282880E-1
4.04000000000000000E7	7.47479070039507660E-1
4.04999999999999980E7	7.63049887999978170E-1
4.06000000000000050E7	7.79203429756413790E-1
4.07000000000000030E7	7.95791941274433510E-1
4.08000000000000010E7	8.12408689569886990E-1
4.08999999999999990E7	8.29184123810900080E-1
4.09999999999999960E7	8.46553619837836280E-1
4.11000000000000030E7	8.63943342936894610E-1
4.12000000000000010E7	8.81391146400346060E-1
4.12999999999999990E7	8.98463063359247020E-1
4.13999999999999970E7	9.16299624671906800E-1
4.15000000000000040E7	9.34282763815033770E-1
4.16000000000000010E7	9.51564624295956740E-1
4.16999999999999990E7	9.68578985754330550E-1
4.17999999999999970E7	9.85535021479968170E-1
4.18999999999999950E7	1.00247117010128100E0
4.20000000000000020E7	1.01779310878868670E0
4.21000000000000000E7	1.03254283303195220E0
4.22000000000000060E7	1.04691839923832800E0
4.22999999999999950E7	1.06022576163177870E0
4.24000000000000020E7	1.07163808272950070E0
4.25000000000000000E7	1.08104250813070470E0
4.25999999999999980E7	1.08989021864921120E0
4.27000000000000050E7	1.09784989792888690E0
4.27999999999999940E7	1.10301908885284130E0
4.29000000000000000E7	1.10626035120714920E0
4.29999999999999980E7	1.10827076797361790E0
4.31000000000000050E7	1.10893184915531640E0
4.32000000000000030E7	1.10745016744091140E0
4.33000000000000010E7	1.10333927200413020E0
4.33999999999999990E7	1.09895735188271910E0
4.34999999999999960E7	1.09250660162220450E0
4.36000000000000030E7	1.08452075569736570E0
4.37000000000000010E7	1.07412883706662290E0
4.37999999999999990E7	1.06361392551310500E0
4.38999999999999970E7	1.05192548838675350E0
4.40000000000000040E7	1.03925044409862650E0
4.41000000000000010E7	1.02471157757257060E0
4.41999999999999990E7	1.00889728806669890E0
4.42999999999999970E7	9.93857225173959690E-1
4.43999999999999950E7	9.77657297365304250E-1
4.45000000000000020E7	9.61176605489295000E-1
4.46000000000000000E7	9.43719578361501550E-1
4.47000000000000060E7	9.26958717310613880E-1
4.47999999999999950E7	9.10095407952505830E-1
4.49000000000000020E7	8.92738239174775570E-1
4.50000000000000000E7	8.75353847787926930E-1
4.50999999999999980E7	8.58896410327304770E-1
4.52000000000000050E7	8.43398953078906470E-1
4.52999999999999940E7	8.27259178808736450E-1
4.54000000000000000E7	8.11496648871837320E-1
4.54999999999999980E7	7.96575739901992020E-1
4.56000000000000050E7	7.81832655330395720E-1
4.57000000000000030E7	7.66846384036454860E-1
4.58000000000000010E7	7.52265996307345560E-1
4.58999999999999990E7	7.38335865729593890E-1
4.59999999999999960E7	7.24858850253148020E-1
4.61000000000000030E7	7.11072746519727340E-1
4.62000000000000010E7	6.97529147824811790E-1
4.62999999999999990E7	6.84540405070507600E-1
4.63999999999999970E7	6.72135242586335750E-1
4.65000000000000040E7	6.59590416956615670E-1
4.66000000000000010E7	6.47539442125802540E-1
4.66999999999999990E7	6.35979793661943480E-1
4.67999999999999970E7	6.24771231750253260E-1
4.68999999999999950E7	6.13337779591272090E-1
4.70000000000000020E7	6.02426720464899470E-1
4.71000000000000000E7	5.92055247176687250E-1
4.72000000000000060E7	5.81918132544910090E-1
4.72999999999999950E7	5.71827332106532270E-1
4.74000000000000020E7	5.62131970894731750E-1
4.75000000000000000E7	5.52893930057811640E-1
4.75999999999999980E7	5.43740032679213310E-1
4.77000000000000050E7	5.34747238887016160E-1
4.77999999999999940E7	5.26160545972911730E-1
4.79000000000000000E7	5.17849758298432490E-1
4.79999999999999980E7	5.09632881386047480E-1
4.81000000000000050E7	5.01804624433465210E-1
4.82000000000000030E7	4.94222973470451250E-1
4.83000000000000010E7	4.86692019088814030E-1
4.83999999999999990E7	4.79443803160910240E-1
4.84999999999999960E7	4.72440832697048490E-1
4.86000000000000030E7	4.65523458706628550E-1
4.87000000000000010E7	4.58831774153022030E-1
4.87999999999999990E7	4.52350533944674100E-1
4.88999999999999970E7	4.46136672766951040E-1
4.90000000000000040E7	4.40130050314685750E-1
4.91000000000000010E7	4.34185108897060880E-1
4.91999999999999990E7	4.28487403979721380E-1
4.92999999999999970E7	4.22891350338377410E-1
4.93999999999999950E7	4.17293191124034910E-1
4.95000000000000020E7	4.12020042025944200E-1
4.96000000000000000E7	4.06872695080235140E-1
4.97000000000000060E7	4.01666036026007320E-1
4.97999999999999950E7	3.96693236123754690E-1
4.99000000000000020E7	3.91803148488570720E-1
5.00000000000000000E7	3.86936829251801220E-1
5.00999999999999980E7	3.85196034052206840E-1
5.02000000000000050E7	3.83476562955751680E-1
5.02999999999999940E7	3.81778041091035680E-1
5.04000000000000000E7	3.80100101920412660E-1
5.04999999999999980E7	3.78442387023329150E-1
5.06000000000000050E7	3.76804545885809270E-1
5.07000000000000030E7	3.75186235695920440E-1
5.08000000000000010E7	3.73587121145046020E-1
5.08999999999999990E7	3.72006874234799460E-1
5.09999999999999960E7	3.70445174089417950E-1
5.11000000000000030E7	3.68901706773478730E-1
5.12000000000000010E7	3.67376165114782260E-1
5.12999999999999990E7	3.65868248532251480E-1
5.13999999999999970E7	3.64377662868703300E-1
5.15000000000000040E7	3.62904120228344240E-1
5.16000000000000010E7	3.61447338818857580E-1
5.16999999999999990E7	3.60007042797940670E-1
5.17999999999999970E7	3.58582962124164560E-1
5.18999999999999950E7	3.57174832412027370E-1
5.20000000000000020E7	3.55782394791074320E-1
5.21000000000000000E7	3.54405395768967900E-1
5.22000000000000060E7	3.53043587098387010E-1
5.22999999999999950E7	3.51696725647641100E-1
5.24000000000000020E7	3.50364573274891680E-1
5.25000000000000000E7	3.49046896705871750E-1
5.25999999999999980E7	3.47743467414995780E-1
5.27000000000000050E7	3.46454061509765940E-1
5.27999999999999940E7	3.45178459618367390E-1
5.29000000000000000E7	3.43916446780367570E-1
5.29999999999999980E7	3.42667812340416590E-1
5.31000000000000050E7	3.41432349844867430E-1
5.32000000000000030E7	3.40209856941224850E-1
5.33000000000000010E7	3.39000135280338010E-1
5.33999999999999990E7	3.37802990421258900E-1
5.34999999999999960E7	3.36618231738684240E-1
5.36000000000000030E7	3.35445672332903740E-1
5.37000000000000010E7	3.34285128942184380E-1
5.37999999999999990E7	3.33136421857512750E-1
5.38999999999999970E7	3.31999374839631090E-1
5.40000000000000040E7	3.30873815038294650E-1
5.41000000000000010E7	3.29759572913688980E-1
5.41999999999999990E7	3.28656482159940120E-1
5.42999999999999970E7	3.27564379630658430E-1
5.43999999999999950E7	3.26483105266454790E-1
5.45000000000000020E7	3.25412502024372060E-1
5.46000000000000000E7	3.24352415809176440E-1
5.47000000000000060E7	3.23302695406452440E-1
5.47999999999999950E7	3.22263192417451320E-1
5.49000000000000020E7	3.21233761195640270E-1
5.50000000000000000E7	3.20214258784903190E-1
5.50999999999999980E7	3.19204544859346220E-1
5.52000000000000050E7	3.18204481664660350E-1
5.52999999999999940E7	3.17213933960996510E-1
5.54000000000000000E7	3.16232768967311230E-1
5.54999999999999980E7	3.15260856307138400E-1
5.56000000000000050E7	3.14298067955745970E-1
5.57000000000000030E7	3.13344278188641790E-1
5.58000000000000010E7	3.12399363531386020E-1
5.58999999999999990E7	3.11463202710673670E-1
5.59999999999999960E7	3.10535676606653690E-1
5.61000000000000030E7	3.09616668206447840E-1
5.62000000000000010E7	3.08706062558833640E-1
5.62999999999999990E7	3.07803746730063030E-1
5.63999999999999970E7	3.06909609760781250E-1
5.65000000000000040E7	3.06023542624015120E-1
5.66000000000000010E7	3.05145438184203590E-1
5.66999999999999990E7	3.04275191157240780E-1
5.67999999999999970E7	3.03412698071498180E-1
5.68999999999999950E7	3.02557857229807730E-1
5.70000000000000020E7	3.01710568672373200E-1
5.71000000000000000E7	3.00870734140583180E-1
5.72000000000000060E7	3.00038257041707770E-1
5.72999999999999950E7	2.99213042414446040E-1
5.74000000000000020E7	2.98394996895309020E-1
5.75000000000000000E7	2.97584028685808470E-1
5.75999999999999980E7	2.96780047520435140E-1
5.77000000000000050E7	2.95982964635400860E-1
5.77999999999999940E7	2.95192692738127920E-1
5.79000000000000000E7	2.94409145977460750E-1
5.79999999999999980E7	2.93632239914584710E-1
5.81000000000000050E7	2.92861891494630640E-1
5.82000000000000030E7	2.92098019018947720E-1
5.83000000000000010E7	2.91340542118027290E-1
5.83999999999999990E7	2.90589381725057730E-1
5.84999999999999960E7	2.89844460050097960E-1
5.86000000000000030E7	2.89105700554849630E-1
5.87000000000000010E7	2.88373027928013140E-1
5.87999999999999990E7	2.87646368061211840E-1
5.88999999999999970E7	2.86925648025473290E-1
5.90000000000000040E7	2.86210796048245440E-1
5.91000000000000010E7	2.85501741490941980E-1
5.91999999999999990E7	2.84798414826995970E-1
5.92999999999999970E7	2.84100747620414750E-1
5.93999999999999950E7	2.83408672504818120E-1
5.95000000000000020E7	2.82722123162951270E-1
5.96000000000000000E7	2.82041034306658170E-1
5.97000000000000060E7	2.81365341657301920E-1
5.97999999999999950E7	2.80694981926626630E-1
5.99000000000000020E7	2.80029892798041360E-1
6.00000000000000000E7	2.79370012908323820E-1
6.00999999999999980E7	2.78715281829725650E-1
6.02000000000000050E7	2.78065640052474980E-1
6.02999999999999940E7	2.77421028967662590E-1
6.04000000000000000E7	2.76781390850503910E-1
6.04999999999999980E7	2.76146668843966480E-1
6.06000000000000050E7	2.75516806942755330E-1
6.07000000000000030E7	2.74891749977644030E-1
6.08000000000000010E7	2.74271443600147660E-1
6.08999999999999990E7	2.73655834267524160E-1
6.09999999999999960E7	2.73044869228100410E-1
6.11000000000000030E7	2.72438496506911410E-1
6.12000000000000010E7	2.71836664891648020E-1
6.12999999999999990E7	2.71239323918903040E-1
6.13999999999999970E7	2.70646423860710160E-1
6.15000000000000040E7	2.70057915711367700E-1
6.16000000000000010E7	2.69473751174541580E-1
6.16999999999999990E7	2.68893882650638090E-1
6.17999999999999970E7	2.68318263224442970E-1
6.18999999999999950E7	2.67746846653019240E-1
6.20000000000000020E7	2.67179587353855920E-1
6.21000000000000000E7	2.66616440393264980E-1
6.22000000000000060E7	2.66057361475017510E-1
6.22999999999999950E7	2.65502306929215950E-1
6.24000000000000020E7	2.64951233701393820E-1
6.25000000000000000E7	2.64404099341841010E-1
6.25999999999999980E7	2.63860861995146760E-1
6.27000000000000050E7	2.63321480389956350E-1
6.27999999999999940E7	2.62785913828936300E-1
6.29000000000000000E7	2.62254122178942770E-1
6.29999999999999980E7	2.61726065861389400E-1
6.31000000000000050E7	2.61201705842808930E-1
6.32000000000000030E7	2.60681003625605360E-1
6.33000000000000010E7	2.60163921238989280E-1
6.33999999999999990E7	2.59650421230098470E-1
6.34999999999999960E7	2.59140466655290780E-1
6.36000000000000030E7	2.58634021071612930E-1
6.37000000000000010E7	2.58131048528437200E-1
6.37999999999999990E7	2.57631513559264300E-1
6.38999999999999970E7	2.57135381173685350E-1
6.40000000000000040E7	2.56642616849504800E-1
6.40999999999999930E7	2.56153186525014350E-1
6.41999999999999990E7	2.55667056591420130E-1
6.42999999999999970E7	2.55184193885415220E-1
6.44000000000000040E7	2.54704565681898120E-1
6.45000000000000020E7	2.54228139686830670E-1
6.45999999999999910E7	2.53754884030233900E-1
6.47000000000000060E7	2.53284767259319030E-1
6.47999999999999950E7	2.52817758331750090E-1
6.49000000000000020E7	2.52353826609034740E-1
6.50000000000000000E7	2.51892941850041700E-1
6.50999999999999980E7	2.51435074204640600E-1
6.52000000000000050E7	2.50980194207464050E-1
6.52999999999999940E7	2.50528272771784980E-1
6.54000000000000090E7	2.50079281183511170E-1
6.54999999999999980E7	2.49633191095292780E-1
6.55999999999999960E7	2.49189974520738700E-1
6.57000000000000030E7	2.48749603828742230E-1
6.58000000000000010E7	2.48312051737911820E-1
6.59000000000000070E7	2.47877291311105630E-1
6.59999999999999960E7	2.47445295950067210E-1
6.60999999999999940E7	2.47016039390159300E-1
6.62000000000000010E7	2.46589495695196390E-1
6.62999999999999990E7	2.46165639252370740E-1
6.64000000000000060E7	2.45744444767271240E-1
6.65000000000000040E7	2.45325887258994560E-1
6.65999999999999930E7	2.44909942055343510E-1
6.66999999999999990E7	2.44496584788113940E-1
6.67999999999999970E7	2.44085791388466380E-1
6.69000000000000040E7	2.43677538082381550E-1
6.70000000000000020E7	2.43271801386196660E-1
6.70999999999999910E7	2.42868558102223280E-1
6.72000000000000060E7	2.42467785314443420E-1
6.72999999999999950E7	2.42069460384280700E-1
6.74000000000000020E7	2.41673560946449410E-1
6.75000000000000000E7	2.41280064904874920E-1
6.75999999999999980E7	2.40888950428687920E-1
6.77000000000000050E7	2.40500195948289220E-1
6.77999999999999940E7	2.40113780151482280E-1
6.79000000000000090E7	2.39729681979676100E-1
6.79999999999999980E7	2.39347880624152200E-1
6.80999999999999960E7	2.38968355522398430E-1
6.82000000000000030E7	2.38591086354506300E-1
6.83000000000000010E7	2.38216053039630090E-1
6.84000000000000070E7	2.37843235732508340E-1
6.84999999999999960E7	2.37472614820044430E-1
6.85999999999999940E7	2.37104170917947510E-1
6.87000000000000010E7	2.36737884867429040E-1
6.87999999999999990E7	2.36373737731958180E-1
6.89000000000000060E7	2.36011710794071040E-1
6.90000000000000040E7	2.35651785552234600E-1
6.90999999999999930E7	2.35293943717765110E-1
6.91999999999999990E7	2.34938167211796540E-1
6.92999999999999970E7	2.34584438162302610E-1
6.94000000000000040E7	2.34232738901167450E-1
6.95000000000000020E7	2.33883051961306080E-1
6.95999999999999910E7	2.33535360073833420E-1
6.97000000000000060E7	2.33189646165280310E-1
6.97999999999999950E7	2.32845893354855390E-1
6.99000000000000020E7	2.32504084951754520E-1
7.00000000000000000E7	2.32164204452512650E-1
7.00999999999999980E7	2.31826235538400740E-1
7.02000000000000050E7	2.31490162072865100E-1
7.02999999999999940E7	2.31155968099009760E-1
7.04000000000000090E7	2.30823637837118990E-1
7.04999999999999980E7	2.30493155682221710E-1
7.05999999999999960E7	2.30164506201694330E-1
7.07000000000000030E7	2.29837674132903660E-1
7.08000000000000010E7	2.29512644380888100E-1
7.09000000000000070E7	2.29189402016075890E-1
7.09999999999999960E7	2.28867932272040340E-1
7.10999999999999940E7	2.28548220543292090E-1
7.12000000000000010E7	2.28230252383106120E-1
7.12999999999999990E7	2.27914013501383250E-1
7.14000000000000060E7	2.27599489762547160E-1
7.15000000000000040E7	2.27286667183473810E-1
7.15999999999999930E7	2.26975531931454630E-1
7.16999999999999990E7	2.26666070322191840E-1
7.17999999999999970E7	2.26358268817825130E-1
7.19000000000000040E7	2.26052114024989550E-1
7.20000000000000020E7	2.25747592692905740E-1
7.20999999999999910E7	2.25444691711497080E-1
7.22000000000000060E7	2.25143398109539610E-1
7.22999999999999950E7	2.24843699052838010E-1
7.24000000000000020E7	2.24545581842432940E-1
7.25000000000000000E7	2.24249033912833620E-1
7.25999999999999980E7	2.23954042830279840E-1
7.27000000000000050E7	2.23660596291029900E-1
7.27999999999999940E7	2.23368682119675020E-1
7.29000000000000090E7	2.23078288267480530E-1
7.29999999999999980E7	2.22789402810751500E-1
7.30999999999999960E7	2.22502013949224330E-1
7.32000000000000030E7	2.22216110004482560E-1
7.33000000000000010E7	2.21931679418397110E-1
7.34000000000000070E7	2.21648710751589690E-1
7.34999999999999960E7	2.21367192681920240E-1
7.35999999999999940E7	2.21087114002997430E-1
7.37000000000000010E7	2.20808463622710600E-1
7.37999999999999990E7	2.20531230561785070E-1
7.39000000000000060E7	2.20255403952358810E-1
7.40000000000000040E7	2.19980973036579510E-1
7.40999999999999930E7	2.19707927165224830E-1
7.41999999999999990E7	2.19436255796340740E-1
7.42999999999999970E7	2.19165948493901960E-1
7.44000000000000040E7	2.18896994926492240E-1
7.45000000000000020E7	2.18629384866002360E-1
7.45999999999999910E7	2.18363108186350500E-1
7.47000000000000060E7	2.18098154862218110E-1
7.47999999999999950E7	2.17834514967807100E-1
7.49000000000000020E7	2.17572178675614490E-1
7.50000000000000000E7	2.17311136255223980E-1
7.50999999999999980E7	2.17051378072115990E-1
7.52000000000000050E7	2.16792894586496270E-1
7.52999999999999940E7	2.16535676352139460E-1
7.54000000000000090E7	2.16279714015250410E-1
7.54999999999999980E7	2.16024998313342340E-1
7.55999999999999960E7	2.15771520074130720E-1
7.57000000000000030E7	2.15519270214443330E-1
7.58000000000000010E7	2.15268239739145840E-1
7.59000000000000070E7	2.15018419740082930E-1
7.59999999999999960E7	2.14769801395034630E-1
7.60999999999999940E7	2.14522375966687620E-1
7.62000000000000010E7	2.14276134801620750E-1
7.62999999999999990E7	2.14031069329305980E-1
7.64000000000000060E7	2.13787171061121880E-1
7.65000000000000040E7	2.13544431589383430E-1
7.65999999999999930E7	2.13302842586382630E-1
7.66999999999999990E7	2.13062395803445750E-1
7.67999999999999970E7	2.12823083070001040E-1
7.69000000000000040E7	2.12584896292661710E-1
7.70000000000000020E7	2.12347827454320060E-1
7.70999999999999910E7	2.12111868613255750E-1
7.72000000000000060E7	2.11877011902255010E-1
7.72999999999999950E7	2.11643249527743740E-1
7.74000000000000020E7	2.11410573768930950E-1
7.75000000000000000E7	2.11178976976965590E-1
7.75999999999999980E7	2.10948451574103930E-1
7.77000000000000050E7	2.10718990052888700E-1
7.77999999999999940E7	2.10490584975340060E-1
7.79000000000000090E7	2.10263228972157190E-1
7.79999999999999980E7	2.10036914741930450E-1
7.80999999999999960E7	2.09811635050365150E-1
7.82000000000000030E7	2.09587382729515560E-1
7.83000000000000010E7	2.09364150677029050E-1
7.84000000000000070E7	2.09141931855400380E-1
7.84999999999999960E7	2.08920719291237590E-1
7.85999999999999940E7	2.08700506074535100E-1
7.87000000000000010E7	2.08481285357959620E-1
7.87999999999999990E7	2.08263050356143120E-1
7.89000000000000060E7	2.08045794344987290E-1
7.90000000000000040E7	2.07829510660975590E-1
7.90999999999999930E7	2.07614192700495790E-1
7.91999999999999990E7	2.07399833919170980E-1
7.92999999999999970E7	2.07186427831200120E-1
7.94000000000000040E7	2.06973968008705710E-1
7.95000000000000020E7	2.06762448081092300E-1
7.95999999999999910E7	2.06551861734411710E-1
7.97000000000000060E7	2.06342202710737730E-1
7.97999999999999950E7	2.06133464807548710E-1
7.99000000000000020E7	2.05925641877117640E-1
8.00000000000000000E7	2.05718727825911740E-1
8.00999999999999980E7	2.05512716613997930E-1
8.01999999999999960E7	2.05307602254458030E-1
8.02999999999999940E7	2.05103378812809780E-1
8.04000000000000090E7	2.04900040406437210E-1
8.05000000000000070E7	2.04697581204026770E-1
8.05999999999999870E7	2.04495995425011670E-1
8.07000000000000030E7	2.04295277339023110E-1
8.08000000000000010E7	2.04095421265349010E-1
8.08999999999999990E7	2.03896421572398890E-1
8.09999999999999960E7	2.03698272677176150E-1
8.10999999999999940E7	2.03500969044757650E-1
8.12000000000000100E7	2.03304505187778470E-1
8.12999999999999900E7	2.03108875665924730E-1
8.14000000000000060E7	2.02914075085432180E-1
8.15000000000000040E7	2.02720098098591040E-1
8.16000000000000010E7	2.02526939403257700E-1
8.16999999999999990E7	2.02334593742371550E-1
8.17999999999999970E7	2.02143055903479670E-1
8.19000000000000130E7	2.01952320718265410E-1
8.19999999999999930E7	2.01762383062084230E-1
8.20999999999999910E7	2.01573237853505650E-1
8.22000000000000060E7	2.01384880053859620E-1
8.23000000000000040E7	2.01197304666789690E-1
8.24000000000000020E7	2.01010506737811090E-1
8.25000000000000000E7	2.00824481353874870E-1
8.25999999999999980E7	2.00639223642937250E-1
8.26999999999999960E7	2.00454728773533740E-1
8.27999999999999940E7	2.00270991954359760E-1
8.29000000000000090E7	2.00088008433854810E-1
8.30000000000000070E7	1.99905773499793680E-1
8.30999999999999870E7	1.99724282478881170E-1
8.32000000000000030E7	1.99543530736351690E-1
8.33000000000000010E7	1.99363513675575810E-1
8.33999999999999990E7	1.99184226737668930E-1
8.34999999999999960E7	1.99005665401106620E-1
8.35999999999999940E7	1.98827825181343590E-1
8.37000000000000100E7	1.98650701630438320E-1
8.37999999999999900E7	1.98474290336680980E-1
8.39000000000000060E7	1.98298586924227170E-1
8.40000000000000040E7	1.98123587052734650E-1
8.41000000000000010E7	1.97949286417005950E-1
8.41999999999999990E7	1.97775680746634450E-1
8.42999999999999970E7	1.97602765805654260E-1
8.44000000000000130E7	1.97430537392195720E-1
8.44999999999999930E7	1.97258991338143490E-1
8.45999999999999910E7	1.97088123508799670E-1
8.47000000000000060E7	1.96917929802550980E-1
8.48000000000000040E7	1.96748406150538900E-1
8.49000000000000020E7	1.96579548516335320E-1
8.50000000000000000E7	1.96411352895619990E-1
8.50999999999999980E7	1.96243815315864280E-1
8.51999999999999960E7	1.96076931836016240E-1
8.52999999999999940E7	1.95910698546190960E-1
8.54000000000000090E7	1.95745111567364030E-1
8.55000000000000070E7	1.95580167051068640E-1
8.55999999999999870E7	1.95415861179096280E-1
8.57000000000000030E7	1.95252190163200680E-1
8.58000000000000010E7	1.95089150244805420E-1
8.58999999999999990E7	1.94926737694715560E-1
8.59999999999999960E7	1.94764948812831170E-1
8.60999999999999940E7	1.94603779927865440E-1
8.62000000000000100E7	1.94443227397065720E-1
8.62999999999999900E7	1.94283287605937760E-1
8.64000000000000060E7	1.94123956967972560E-1
8.65000000000000040E7	1.93965231924377450E-1
8.66000000000000010E7	1.93807108943809610E-1
8.66999999999999990E7	1.93649584522112540E-1
8.67999999999999970E7	1.93492655182055830E-1
8.69000000000000130E7	1.93336317473077820E-1
8.69999999999999930E7	1.93180567971031270E-1
8.70999999999999910E7	1.93025403277931940E-1
8.72000000000000060E7	1.92870820021709720E-1
8.73000000000000040E7	1.92716814855962860E-1
8.74000000000000020E7	1.92563384459715240E-1
8.75000000000000000E7	1.92410525537175550E-1
8.75999999999999980E7	1.92258234817500170E-1
8.76999999999999960E7	1.92106509054558220E-1
8.77999999999999940E7	1.91955345026699090E-1
8.79000000000000090E7	1.91804739536522790E-1
8.80000000000000070E7	1.91654689410653360E-1
8.80999999999999870E7	1.91505191499513660E-1
8.82000000000000030E7	1.91356242677103780E-1
8.83000000000000010E7	1.91207839840781310E-1
8.83999999999999990E7	1.91059979911044420E-1
8.84999999999999960E7	1.90912659831316870E-1
8.85999999999999940E7	1.90765876567735910E-1
8.87000000000000100E7	1.90619627108942310E-1
8.87999999999999900E7	1.90473908465872470E-1
8.89000000000000060E7	1.90328717671553570E-1
8.90000000000000040E7	1.90184051780899680E-1
8.91000000000000010E7	1.90039907870511530E-1
8.91999999999999990E7	1.89896283038477850E-1
8.92999999999999970E7	1.89753174404178360E-1
8.94000000000000130E7	1.89610579108089870E-1
8.94999999999999930E7	1.89468494311593890E-1
8.95999999999999910E7	1.89326917196786510E-1
8.97000000000000060E7	1.89185844966290340E-1
8.98000000000000040E7	1.89045274843068390E-1
8.99000000000000020E7	1.88905204070240120E-1
9.00000000000000000E7	1.88765629910899470E-1
9.00999999999999980E7	1.88626549647934860E-1
9.01999999999999960E7	1.88487960583850710E-1
9.02999999999999940E7	1.88349860040591750E-1
9.04000000000000090E7	1.88212245359368180E-1
9.05000000000000070E7	1.88075113900483570E-1
9.05999999999999870E7	1.87938463043164110E-1
9.07000000000000030E7	1.87802290185389940E-1
9.08000000000000010E7	1.87666592743727940E-1
9.08999999999999990E7	1.87531368153166930E-1
9.09999999999999960E7	1.87396613866953720E-1
9.10999999999999940E7	1.87262327356431420E-1
9.12000000000000100E7	1.87128506110880280E-1
9.12999999999999900E7	1.86995147637358160E-1
9.14000000000000060E7	1.86862249460544730E-1
9.15000000000000040E7	1.86729809122585990E-1
9.16000000000000010E7	1.86597824182941150E-1
9.16999999999999990E7	1.86466292218231100E-1
9.17999999999999970E7	1.86335210822087480E-1
9.19000000000000130E7	1.86204577605004970E-1
9.19999999999999930E7	1.86074390194193560E-1
9.20999999999999910E7	1.85944646233433450E-1
9.22000000000000060E7	1.85815343382930780E-1
9.23000000000000040E7	1.85686479319175280E-1
9.24000000000000020E7	1.85558051734799330E-1
9.25000000000000000E7	1.85430058338438040E-1
9.25999999999999980E7	1.85302496854591550E-1
9.26999999999999960E7	1.85175365023487930E-1
9.27999999999999940E7	1.85048660600948270E-1
9.29000000000000090E7	1.84922381358252590E-1
9.30000000000000070E7	1.84796525082006920E-1
9.30999999999999870E7	1.84671089574013100E-1
9.32000000000000030E7	1.84546072651137870E-1
9.33000000000000010E7	1.84421472145185090E-1
9.33999999999999990E7	1.84297285902768330E-1
9.34999999999999960E7	1.84173511785184910E-1
9.35999999999999940E7	1.84050147668291310E-1
9.37000000000000100E7	1.83927191442379860E-1
9.37999999999999900E7	1.83804641012056600E-1
9.39000000000000060E7	1.83682494296120580E-1
9.40000000000000040E7	1.83560749227443680E-1
9.41000000000000010E7	1.83439403752852970E-1
9.41999999999999990E7	1.83318455833012720E-1
9.42999999999999970E7	1.83197903442308490E-1
9.44000000000000130E7	1.83077744568732850E-1
9.44999999999999930E7	1.82957977213770780E-1
9.45999999999999910E7	1.82838599392287370E-1
9.47000000000000060E7	1.82719609132416360E-1
9.48000000000000040E7	1.82601004475449940E-1
9.49000000000000020E7	1.82482783475729080E-1
9.50000000000000000E7	1.82364944200535330E-1
9.50999999999999980E7	1.82247484729984070E-1
9.51999999999999960E7	1.82130403156918220E-1
9.52999999999999940E7	1.82013697586803010E-1
9.54000000000000090E7	1.81897366137622420E-1
9.55000000000000070E7	1.81781406939775670E-1
9.55999999999999870E7	1.81665818135976090E-1
9.57000000000000030E7	1.81550597881149050E-1
9.58000000000000010E7	1.81435744342332980E-1
9.58999999999999990E7	1.81321255698580020E-1
9.59999999999999960E7	1.81207130140857850E-1
9.60999999999999940E7	1.81093365871952820E-1
9.62000000000000100E7	1.80979961106373780E-1
9.62999999999999900E7	1.80866914070256990E-1
9.64000000000000060E7	1.80754223001271660E-1
9.65000000000000040E7	1.80641886148526810E-1
9.66000000000000010E7	1.80529901772478810E-1
9.66999999999999990E7	1.80418268144839590E-1
9.67999999999999970E7	1.80306983548486330E-1
9.69000000000000130E7	1.80196046277371420E-1
9.69999999999999930E7	1.80085454636433710E-1
9.70999999999999910E7	1.79975206941510240E-1
9.72000000000000060E7	1.79865301519248980E-1
9.73000000000000040E7	1.79755736707022960E-1
9.74000000000000020E7	1.79646510852843980E-1
9.75000000000000000E7	1.79537622315278300E-1
9.75999999999999980E7	1.79429069463362660E-1
9.76999999999999960E7	1.79320850676520930E-1
9.77999999999999940E7	1.79212964344481860E-1
9.79000000000000090E7	1.79105408867197770E-1
9.80000000000000070E7	1.78998182654763100E-1
9.80999999999999870E7	1.78891284127335260E-1
9.82000000000000030E7	1.78784711715054630E-1
9.83000000000000010E7	1.78678463857965970E-1
9.83999999999999990E7	1.78572539005941430E-1
9.84999999999999960E7	1.78466935618602650E-1
9.85999999999999940E7	1.78361652165244730E-1
9.87000000000000100E7	1.78256687124760700E-1
9.87999999999999900E7	1.78152038985566370E-1
9.89000000000000060E7	1.78047706245526460E-1
9.90000000000000040E7	1.77943687411880450E-1
9.91000000000000010E7	1.77839981001170580E-1
9.91999999999999990E7	1.77736585539168710E-1
9.92999999999999970E7	1.77633499560805960E-1
9.94000000000000130E7	1.77530721610100730E-1
9.94999999999999930E7	1.77428250240089150E-1
9.95999999999999910E7	1.77326084012755560E-1
9.97000000000000060E7	1.77224221498963350E-1
9.98000000000000040E7	1.77122661278386850E-1
9.99000000000000020E7	1.77021401939443910E-1
1.00000000000000000E8	1.76920442079228300E-1


